Epoch	AverageEpRet	StdEpRet	MaxEpRet	MinEpRet	EpLen	AverageVVals	StdVVals	MaxVVals	MinVVals	TotalEnvInteracts	LossPi	LossV	DeltaLossPi	DeltaLossV	Entropy	KL	ClipFrac	StopIter	Time
0	72.59615	255.19415	988.0	-1.0	93.51923	1.8049973	0.31616768	2.9057124	0.72979254	5000	1.6117095e-08	16419.746	-0.0054443516	-565.1465	1.2167847	0.016038423	0.1358	6.0	3.9349570274353027
1	33.070175	178.66904	976.0	-1.0	86.59649	4.5855203	4.7611227	15.321799	-2.851707	10000	-7.820129e-09	8052.184	-0.004311211	-104.10254	1.2132032	0.01756844	0.172	9.0	7.046567916870117
2	70.30928	255.70729	999.0	-1.0	51.4433	2.565716	5.168244	18.84121	-7.290676	15000	4.005432e-09	13666.932	-0.0057141557	-319.583	1.1451203	0.01563396	0.081	20.0	10.311386823654175
3	-1.0	0.0	-1.0	-1.0	63.02532	2.5684361	6.340367	24.007095	-5.916107	20000	-4.1007997e-09	47.666595	-0.029702486	-44.624603	1.1565881	0.015173307	0.1766	70.0	13.940195798873901
4	67.478874	248.83357	991.0	-1.0	59.43662	0.9727043	3.4355052	18.350927	-5.777077	25000	1.1444092e-09	18671.74	-0.0054391506	-1251.8105	1.2257711	0.015110673	0.1456	17.0	17.12838387489319
5	98.95522	292.70456	995.0	-1.0	73.462685	4.2188635	8.380993	30.864208	-2.4093885	30000	1.6307832e-08	32476.727	-0.0053279973	-1721.0273	1.1942892	0.015998457	0.2052	7.0	20.1640887260437
6	45.25	202.16049	985.0	-1.0	62.4625	6.93545	13.5677	42.244022	-7.319961	35000	1.0490417e-09	18564.834	-0.005871298	-1331.709	1.1846799	0.019142017	0.1948	8.0	23.30430579185486
7	59.341774	232.41748	998.0	-1.0	63.050632	6.728951	15.461727	47.89075	-6.641043	40000	5.817413e-09	18915.104	-0.008424958	-1732.5449	1.1088821	0.016290711	0.1254	20.0	26.484301805496216
8	85.24359	274.74017	991.0	-1.0	62.333332	4.4975424	14.460974	53.831467	-10.440725	45000	-3.4332275e-09	28611.363	-0.0047192043	-1352.9766	1.11655	0.016144352	0.106	11.0	29.633585929870605
9	84.069305	272.35712	998.0	-1.0	49.19802	6.255555	19.038923	61.253628	-14.3082075	50000	-1.8310548e-08	32073.152	-0.0071249055	-2340.787	1.1064945	0.01638	0.1506	19.0	33.06767988204956
10	97.90625	290.33386	998.0	-1.0	51.822918	17.316189	27.035519	68.04272	-10.753678	55000	-5.340576e-09	36464.863	-0.008213562	-1702.0977	1.053791	0.015816946	0.1064	24.0	36.74677491188049
11	132.67545	331.34705	997.0	-1.0	43.69298	11.64325	24.143467	77.15015	-16.334702	60000	1.0967255e-08	53937.934	-0.0049725845	-6656.6406	0.99768126	0.019086704	0.1966	6.0	39.93069291114807
12	136.79762	337.7169	994.0	-1.0	58.845238	16.657862	33.235176	87.506424	-12.110077	65000	2.7656555e-09	39923.387	-0.010523599	-2229.6836	0.99073	0.016397601	0.1228	32.0	43.231544733047485
13	110.42308	308.58655	995.0	-1.0	63.24359	20.82676	37.582508	93.672066	-18.785828	70000	-1.6403199e-08	31397.174	-0.00665931	-1268.0664	1.0313793	0.01577796	0.0918	25.0	46.370615005493164
14	120.0641	315.8635	978.0	-1.0	61.833332	18.75755	37.106483	97.98409	-25.764736	75000	5.4359437e-09	43682.22	-0.0073652477	-2585.6562	1.0126568	0.015449646	0.1202	25.0	49.51832985877991
15	149.92857	349.6272	996.0	-1.0	67.328575	13.522757	35.839172	104.70488	-22.921862	80000	-7.915497e-09	41198.598	-0.008399089	-2589.793	1.0225685	0.015688015	0.1002	32.0	52.769585847854614
16	211.26866	395.60486	998.0	-1.0	74.477615	32.871937	47.08505	110.87689	-9.010419	85000	8.010864e-09	55413.543	-0.004252563	-4644.8516	0.977709	0.018213203	0.1522	10.0	55.78762483596802
17	122.376625	319.55478	987.0	-1.0	63.83117	24.7107	44.699562	119.127205	-13.293252	90000	-9.059906e-10	38022.605	-0.00645604	-1955.25	0.9999637	0.01632742	0.1132	19.0	58.939663887023926
18	182.8421	371.74652	999.0	-1.0	65.039474	23.351084	49.943295	124.99795	-17.446686	95000	-1.6880035e-08	52647.65	-0.00679168	-7561.1406	1.0580528	0.016636444	0.1478	15.0	62.00446581840515
19	208.43903	395.15466	994.0	-1.0	60.92683	36.61246	56.525887	132.33665	-5.25589	100000	5.912781e-09	61687.34	-0.008014774	-3371.2969	1.0487415	0.015793819	0.116	16.0	65.14015698432922
20	179.68889	374.60974	996.0	-1.0	54.11111	39.254623	60.21685	140.5175	-8.358837	105000	-1.9073486e-08	55257.273	-0.007014045	-2302.0234	0.92219836	0.01541218	0.0882	21.0	68.75185990333557
21	200.85106	388.49036	985.0	-1.0	52.97872	45.15567	67.18612	147.43538	-11.309735	110000	-2.4318696e-09	68693.85	-0.008723463	-2641.3672	0.8706328	0.016469402	0.0938	18.0	72.06829190254211
22	116.75862	310.05124	998.0	-1.0	57.471264	30.510063	61.324364	155.97699	-9.472813	115000	8.5830685e-09	32759.393	-0.008831408	-929.0254	0.9543049	0.01656475	0.1148	25.0	75.27870273590088
23	142.94118	339.00723	978.0	-1.0	58.764706	47.501133	73.28085	161.32153	-14.282183	120000	6.3896177e-09	46554.816	-0.007164107	-2554.6953	0.94458145	0.016359596	0.0958	22.0	78.58468794822693
24	203.27551	391.4574	998.0	-1.0	51.0	39.311592	70.07252	166.56812	-15.334488	125000	-1.01089475e-08	62310.062	-0.006972225	-3700.7578	0.9477262	0.016029105	0.0976	16.0	81.73748993873596
25	165.34328	356.45743	985.0	-1.0	74.23881	37.64938	70.79198	174.23991	-21.813087	130000	-6.694794e-08	39267.742	-0.007864696	-1988.7344	0.9707963	0.01505124	0.0906	25.0	84.89871096611023
26	135.48193	332.35358	993.0	-1.0	60.21687	40.923836	72.01026	180.00214	-21.886986	135000	7.05719e-09	36570.184	-0.009479908	-2321.25	0.94423634	0.015680853	0.0648	40.0	88.18283581733704
27	196.19588	387.31033	998.0	-1.0	51.17526	48.747746	79.49277	183.99625	-23.413694	140000	4.386902e-09	58485.32	-0.0062037827	-7932.0664	0.88814	0.015115759	0.1084	12.0	91.39608979225159
28	219.97917	405.6875	999.0	-1.0	51.697918	49.87672	78.711464	189.13618	-10.55884	145000	-2.4223327e-08	48190.39	-0.0079062255	-3852.754	0.9348242	0.01565837	0.1212	23.0	94.70843696594238
29	269.2857	427.8065	991.0	-1.0	71.057144	48.94165	82.199814	194.21332	-6.9777374	150000	2.565384e-08	56543.72	-0.0044349753	-3049.9531	0.94703907	0.016045831	0.1374	9.0	97.7284049987793
30	98.789474	291.34103	995.0	-1.0	64.31579	40.325718	77.04406	201.56555	-6.2853827	155000	1.66893e-08	22788.988	-0.006817255	-1859.8418	0.97021526	0.01631197	0.1714	17.0	101.23753809928894
31	203.14894	392.75952	996.0	-1.0	105.38298	29.436562	70.88668	203.72865	-7.5675964	160000	-9.918213e-09	27131.488	-0.006083741	-1023.05273	1.1007127	0.015914626	0.0836	22.0	104.41350603103638
32	238.75714	408.13745	995.0	-1.0	70.6	45.8748	78.68193	206.43565	-31.844503	165000	2.2983551e-08	58272.965	-0.0066930894	-9631.914	0.9307577	0.018028766	0.1228	13.0	107.47646999359131
33	236.13461	411.12482	994.0	-1.0	94.42308	47.57551	79.897606	212.4457	-2.1494381	170000	-1.4400483e-08	36771.176	-0.004593877	-4402.207	1.0138906	0.01670788	0.1054	13.0	110.54051685333252
34	253.04167	424.446	989.0	-1.0	67.56944	57.911686	90.56017	216.48587	-2.2488785	175000	4.196167e-09	49667.89	-0.0068129664	-3532.414	0.97941095	0.015100541	0.1086	20.0	113.57587885856628
35	202.4	389.72632	996.0	-1.0	71.35714	43.302246	84.73714	221.11627	-8.398702	180000	-1.9741059e-08	43345.734	-0.0094079515	-4933.6094	0.9729787	0.015753066	0.1158	40.0	116.78455710411072
36	214.3793	401.14133	992.0	-1.0	84.75862	35.429306	76.03638	226.37573	-3.0197854	185000	6.141663e-08	31752.28	-0.0048469226	-3316.8496	1.0363215	0.015731076	0.1064	9.0	119.75211191177368
37	193.58824	382.45355	995.0	-1.0	73.07353	63.08475	99.2441	229.4767	-4.493778	190000	-3.2424927e-09	39549.203	-0.0049719717	-3413.336	0.8974581	0.015413544	0.095	15.0	123.0724618434906
38	257.36365	422.209	998.0	-1.0	86.87273	38.58366	87.91641	233.89186	-9.521308	195000	6.9618227e-09	41689.594	-0.0038136519	-5151.2227	1.0455213	0.016723366	0.1222	15.0	125.95170593261719
39	202.23529	387.8403	983.0	-1.0	90.76471	36.541687	85.376495	239.36542	-9.3513155	200000	7.724762e-09	27964.863	-0.0043163477	-1630.5	1.079625	0.02221563	0.148	8.0	129.26094794273376
40	268.32608	429.33115	989.0	-1.0	99.58696	46.067608	95.68154	243.5584	-3.41644	205000	5.168915e-08	32676.742	-0.0051147453	-1059.2148	1.0746373	0.016283942	0.0778	12.0	133.40422892570496
41	147.89655	347.6355	997.0	-1.0	86.155174	36.162018	84.37351	247.44997	-4.8048825	210000	-2.0980835e-09	21038.146	-0.007455666	-1245.5586	1.0482895	0.016016996	0.125	13.0	136.78612399101257
42	155.37038	349.92566	976.0	-1.0	91.51852	35.143276	86.52263	249.28381	-6.8971705	215000	-8.468628e-08	23786.486	-0.002820604	-1386.3809	1.0385137	0.016724877	0.1022	13.0	139.88476395606995
43	134.22	335.27902	999.0	-1.0	99.12	18.171587	66.448975	252.64668	-9.740238	220000	3.6001204e-08	14233.378	-0.005288675	-1589.5576	1.1304047	0.01739711	0.1206	13.0	143.06094002723694
44	288.41818	433.41074	984.0	-1.0	78.43636	56.602287	93.352646	254.34926	-4.912977	225000	2.2125244e-08	54460.832	-0.0039766664	-10542.328	0.99870175	0.017044917	0.1302	9.0	146.5708589553833
45	275.71185	435.27914	987.0	-1.0	73.33898	43.21138	95.19899	259.39526	-2.6791492	230000	-1.6403199e-08	34116.93	-0.006564411	-2527.25	1.0806217	0.016412966	0.136	18.0	149.82796382904053
46	246.88889	419.58032	998.0	-1.0	85.68519	59.82973	111.391624	264.9179	-7.1383724	235000	-7.820129e-09	31816.846	-0.008921488	-1531.3965	1.0881592	0.015910009	0.1212	21.0	153.01809191703796
47	198.63637	385.49323	996.0	-1.0	151.51515	21.77795	73.78886	267.35214	-3.7788014	240000	2.4795532e-09	14502.985	-0.0023533031	-1367.9502	1.1741594	0.016100168	0.1328	7.0	156.08132886886597
48	154.6	352.18475	998.0	-1.0	89.94546	33.598694	90.00746	269.7152	-8.937008	245000	-4.768372e-10	18696.219	-0.0063368324	-1125.9141	1.1351153	0.015113272	0.087	18.0	159.43208384513855
49	186.94737	379.3331	989.0	-1.0	63.513157	66.17536	115.291435	272.23917	-9.764214	250000	-1.6021728e-08	37155.29	-0.0041515776	-3395.6875	0.9910922	0.016457384	0.1036	7.0	163.29343581199646
50	192.64865	384.2315	986.0	-1.0	65.310814	56.4809	100.53374	276.55585	-8.2729225	255000	3.9958955e-08	40139.49	-0.0047526653	-3070.4102	1.0168989	0.017406946	0.105	10.0	167.98771572113037
51	216.50516	401.88617	999.0	-1.0	50.639175	66.34367	107.631454	279.83728	-2.6161366	260000	-1.9836426e-08	49548.53	-0.0043179616	-6024.4844	0.8882996	0.016385352	0.122	11.0	171.54985690116882
52	221.71428	403.5956	997.0	-1.0	64.792206	74.6643	119.064224	286.27777	-2.835384	265000	-2.2888185e-09	39111.996	-0.009876751	-3157.8633	0.96360666	0.016326522	0.0974	22.0	174.86974906921387
53	147.79546	342.56573	994.0	-1.0	112.954544	47.741688	103.02228	291.12958	-3.0411382	270000	-2.1686554e-07	16803.135	-0.007929981	-3795.417	1.126853	0.017081082	0.1728	20.0	178.10856699943542
54	235.72223	410.2989	984.0	-1.0	69.06944	45.320545	96.62406	291.55637	-3.500177	275000	-6.866455e-09	50835.227	-0.0059533794	-13579.117	0.97976077	0.018214315	0.1524	13.0	181.35858488082886
55	164.25	354.42755	963.0	-1.0	174.10715	38.466114	93.9911	300.4005	-3.478948	280000	-7.247925e-09	14037.043	-0.008671204	-3374.4844	1.1528898	0.01627021	0.1334	21.0	184.3176109790802
56	246.89189	408.36743	988.0	-1.0	125.83784	62.944225	118.42012	300.64008	-3.6941867	285000	-1.0871887e-08	20596.908	-0.0030652382	-1358.5039	1.071801	0.01637468	0.112	10.0	187.34658789634705
57	305.9	442.7327	996.0	-1.0	105.35	43.286648	106.027016	303.74	-10.6959	290000	1.5163423e-08	25599.137	-0.0066126664	-3838.129	1.0643363	0.015718333	0.0976	21.0	190.42632699012756
58	192.30188	378.0789	971.0	-1.0	89.86793	66.41618	125.24553	310.9206	-3.5556908	295000	-1.6212464e-09	25547.555	-0.008193679	-1596.3105	0.97530323	0.015927538	0.1154	22.0	193.88071393966675
59	263.18182	431.4249	993.0	-1.0	149.75757	34.697845	93.066246	314.62985	-3.7099462	300000	-5.4359437e-09	16755.945	-0.005653791	-1847.5098	1.0931904	0.016461084	0.0958	14.0	197.10056400299072
60	294.17075	433.83948	984.0	-1.0	120.53658	74.93378	120.902504	316.77853	-6.4103565	305000	-1.8119812e-09	37468.637	-0.009151673	-6167.2285	0.97007316	0.016603235	0.0824	24.0	200.48318099975586
61	279.5082	434.13812	997.0	-1.0	81.88525	65.03336	121.275444	319.79288	-11.119544	310000	-2.3269653e-08	30654.287	-0.0073491754	-3753.961	0.98081505	0.015866179	0.0884	22.0	203.48818397521973
62	334.11667	457.11096	998.0	-1.0	82.61667	72.24685	128.16367	326.26923	-12.082313	315000	-1.2111664e-08	34069.453	-0.0055970065	-4027.5684	0.91136426	0.015178467	0.1006	11.0	206.45287775993347
63	237.64062	413.82767	997.0	-1.0	76.28125	56.186268	119.10191	333.44644	-14.05796	320000	1.4925003e-08	29251.305	-0.00664893	-5074.9023	0.95183206	0.01575512	0.0928	31.0	209.61491775512695
64	255.5	416.85638	969.0	-1.0	119.025	63.420544	130.30524	337.7059	-14.257184	325000	5.1498414e-08	24130.559	-0.0070560765	-1281.8477	0.9920504	0.015602629	0.0846	29.0	212.71659994125366
65	349.07843	455.07642	998.0	-1.0	91.72549	88.26486	149.53697	341.60724	-4.5311	330000	5.6266787e-09	29459.314	-0.0049107997	-2015.7871	0.9547	0.015078985	0.1032	9.0	215.7120099067688
66	210.72728	390.67847	983.0	-1.0	104.25	69.89495	138.7468	347.6616	-4.408594	335000	-1.4781952e-09	22708.73	-0.003935269	-3346.1582	0.9855364	0.023013836	0.164	10.0	218.80903601646423
67	227.30435	407.5524	993.0	-1.0	108.58696	41.668205	111.979866	350.91983	-4.2850404	340000	0.0	26180.223	-0.0050009736	-6388.709	1.0028654	0.016231643	0.1278	9.0	222.1141860485077
68	342.42105	450.07254	992.0	-1.0	126.02631	93.91124	153.4823	353.427	-13.338203	345000	-6.594658e-08	28972.701	-0.005766647	-3215.912	0.86790216	0.01379373	0.16	18.0	226.11823391914368
69	150.58824	351.59433	998.0	-1.0	97.254906	37.63951	108.58778	357.19504	-14.508886	350000	-3.4332275e-09	15024.839	-0.0046562944	-3280.4385	1.0739533	0.015562256	0.1902	7.0	229.1668360233307
70	201.17241	395.7291	996.0	-1.0	161.51724	11.836133	64.48645	351.16342	-14.683998	355000	6.3896177e-09	10368.935	-0.0024539782	-2086.1553	1.1928803	0.01684196	0.0942	13.0	232.4482250213623
71	178.60464	375.7297	987.0	-1.0	108.11628	26.099806	94.40895	359.79926	-14.4857855	360000	6.9618227e-09	13291.8125	-0.0040341206	-504.25293	1.0256824	0.013961569	0.1294	26.0	235.43351292610168
72	66.97143	245.21469	989.0	-1.0	71.185715	53.35393	124.90068	361.5011	-7.754078	365000	-1.1253357e-08	18346.115	-0.014082634	-4303.0625	0.97119707	0.008437166	0.1438	79.0	238.873272895813
73	334.3095	450.4872	995.0	-1.0	58.57143	103.0157	132.48108	336.8776	-5.3603106	370000	6.6757204e-09	71233.68	-0.0053735957	-26731.758	0.8012203	0.016816275	0.0938	13.0	241.88261604309082
74	180.82278	376.01544	998.0	-1.0	61.088608	67.42021	137.12721	371.48407	-4.3481708	375000	9.536743e-09	22696.598	-0.006312007	-2713.1016	0.9682262	0.015540563	0.139	26.0	244.97715091705322
75	225.0	406.43683	988.0	-1.0	87.2	57.23789	126.67702	375.24237	-4.3238997	380000	9.63211e-09	28870.486	-0.0038666683	-5220.6504	0.98126084	0.015593079	0.1282	14.0	247.9441578388214
76	275.863	435.9088	998.0	-1.0	68.12329	96.5668	161.80502	378.25012	-11.859804	385000	-1.0871887e-08	41025.797	-0.0053121974	-3010.1172	0.9002209	0.016154641	0.1008	12.0	250.9184329509735
77	92.23529	282.92343	970.0	-1.0	90.98039	38.113613	112.04369	381.22842	-4.491765	390000	-1.3828277e-08	14265.747	-0.013585232	-2017.4111	1.0252455	0.008758193	0.154	79.0	254.26979398727417
78	206.47273	392.94724	998.0	-1.0	86.56364	67.284805	142.4053	381.71744	-4.7903175	395000	2.4318696e-09	32618.688	-0.0063348985	-5184.787	0.95538265	0.019176425	0.2732	5.0	257.1921627521515
79	267.14035	429.5045	999.0	-1.0	83.333336	63.982513	139.34674	382.6489	-4.161104	400000	-6.1035155e-09	33499.277	-0.0052245953	-8444.07	0.9317896	0.014999988	0.1042	11.0	260.1482799053192
80	397.63043	475.48846	998.0	-1.0	107.26087	56.4683	135.88846	386.5122	-3.354897	405000	-4.6873094e-08	23105.95	-0.0065087327	-2245.5293	1.0792104	0.017101483	0.092	16.0	263.45372009277344
81	327.07693	450.28906	996.0	-1.0	127.61539	61.389874	126.1941	392.90372	-2.7542844	410000	-1.2302399e-08	25593.357	-0.008111026	-3642.955	0.96175915	0.015314307	0.148	26.0	266.4103078842163
82	354.2381	455.40802	986.0	-1.0	104.47619	68.70912	143.15106	395.98718	-9.007851	415000	-7.247925e-09	36171.727	-0.005913012	-9486.564	0.9294597	0.017802129	0.1372	6.0	269.2773859500885
83	238.72728	399.13864	991.0	-1.0	145.0	65.41521	143.8265	400.0215	-2.047525	420000	1.9073487e-09	17005.514	-0.006436068	-611.49023	0.9565458	0.017697634	0.1744	9.0	272.15448689460754
84	389.76	478.5011	993.0	-1.0	162.92	57.886417	133.41428	400.58295	-1.2578859	425000	-1.5830993e-08	27550.848	-0.007295594	-11595.118	0.9073639	0.015457526	0.1782	9.0	275.1341848373413
85	143.24243	341.26566	975.0	-1.0	140.87878	50.92094	121.54846	400.2153	-4.7899723	430000	2.2125244e-08	20337.959	-0.010983705	-7276.211	0.92950886	0.015026379	0.1434	23.0	278.42788195610046
86	222.52174	399.3006	982.0	-1.0	96.065216	53.780262	121.80113	399.40988	-1.6080985	435000	-5.7697296e-09	38572.41	-0.0061484464	-19331.87	0.9489792	0.016659549	0.1904	9.0	281.9958758354187
87	386.7619	455.64978	993.0	-1.0	233.95238	60.128563	124.41321	402.07742	-1.7679687	440000	-9.584427e-09	26800.307	-0.009624602	-16615.523	0.93262464	0.014808557	0.0906	46.0	285.157830953598
88	329.44446	436.7678	980.0	-1.0	157.03703	50.12088	119.81074	405.28064	-11.623827	445000	-1.7261506e-08	35406.46	-0.0075592496	-11051.916	0.90395236	0.015753318	0.1092	9.0	288.4119439125061
89	515.8929	455.30426	997.0	-1.0	176.21428	114.79416	166.60927	405.5551	-2.6358538	450000	3.9100648e-08	21207.094	-0.0075302823	-1237.8496	0.8764286	0.018351322	0.2654	8.0	291.8796458244324
90	248.42424	395.98193	961.0	-1.0	135.81818	133.64442	166.68117	408.30182	-2.4724283	455000	-9.1743466e-08	45589.37	-0.016358368	-18857.46	0.9908187	0.015660906	0.2076	46.0	295.42297196388245
91	338.06384	434.596	979.0	-1.0	102.65958	52.374706	127.84105	408.4008	2.519516	460000	1.07288365e-08	87935.18	-0.0043958323	-32267.523	0.94959915	0.015506738	0.1282	6.0	298.2662088871002
92	382.20895	455.4094	999.0	-1.0	74.49254	180.29578	149.46497	407.0964	6.7306523	465000	6.4849854e-09	71303.36	-0.010031193	-37813.062	0.87653905	0.015763313	0.1814	16.0	301.2422227859497
93	420.86957	460.67197	994.0	-1.0	71.63768	224.74797	162.28949	410.62732	-10.359464	470000	-2.7227403e-08	66656.336	-0.006444994	-11179.203	0.865308	0.016650744	0.2002	7.0	304.14534401893616
94	488.8793	462.87793	999.0	-1.0	86.05173	191.89317	168.1379	417.449	-2.5724254	475000	1.9073486e-10	48083.51	-0.010379616	-13443.145	0.9283504	0.015017971	0.1698	22.0	307.20566296577454
95	485.0597	454.3727	995.0	-1.0	74.49254	186.98106	164.68054	424.58893	-6.397926	480000	-3.2806398e-08	77012.59	-0.009298149	-31578.828	0.88176584	0.017221598	0.1582	9.0	310.11864590644836
96	424.38666	458.25156	992.0	-1.0	66.333336	277.56186	154.46713	433.52173	7.5731225	485000	1.5592574e-08	60242.918	-0.01567314	-13842.504	0.8857041	0.015534326	0.1558	44.0	314.033399105072
97	444.1507	467.70676	999.0	-1.0	67.41096	224.38126	159.37431	441.23035	6.603897	490000	2.193451e-09	71793.6	-0.0065721925	-17827.164	0.86447316	0.022935873	0.2488	6.0	317.25135374069214
98	460.45715	475.45532	999.0	-1.0	47.104763	265.63416	182.45393	448.2624	12.891904	495000	-1.0204316e-08	78412.91	-0.014697387	-14792.555	0.7537018	0.015041507	0.1132	37.0	320.54115986824036
99	518.99054	473.68134	998.0	-1.0	46.28302	305.88565	179.29549	458.31088	-1.4589763	500000	-1.1301041e-08	84620.79	-0.01191467	-8975.172	0.763793	0.016289273	0.1476	16.0	323.57498502731323
100	600.81903	455.0095	999.0	-1.0	47.238094	285.46497	188.14522	468.52692	-6.5975914	505000	1.1444092e-08	97227.06	-0.0167718	-29366.68	0.82018125	0.01531252	0.14	40.0	327.221510887146
101	518.1183	472.6073	998.0	-1.0	53.612904	338.98816	158.23933	479.56677	10.267435	510000	-1.1777878e-08	83617.43	-0.008115365	-26378.262	0.8180258	0.021203762	0.2298	5.0	329.9847638607025
102	494.2805	466.5138	996.0	-1.0	59.951218	272.5067	184.02254	486.16437	-20.706154	515000	1.0669231e-09	71178.76	-0.016722398	-18136.46	0.814635	0.01565164	0.1396	43.0	333.40414476394653
103	537.3674	467.4448	999.0	-1.0	50.57143	336.29654	175.82704	490.4468	-10.03887	520000	9.536744e-10	88371.12	-0.014252198	-10569.695	0.7575453	0.015494963	0.1216	25.0	337.04806876182556
104	573.789	464.6708	999.0	-1.0	44.98165	383.88892	153.55154	494.53397	20.430756	525000	3.671646e-08	93614.49	-0.0109994365	-13457.0	0.71577644	0.017371446	0.1152	11.0	340.17608094215393
105	602.73914	452.70593	998.0	-1.0	54.260868	388.7784	137.70326	500.60684	22.38051	530000	1.0681152e-08	76641.07	-0.020806648	-17722.824	0.7048639	0.014792951	0.1092	74.0	343.62573289871216
106	595.4783	462.18893	996.0	-1.0	42.947826	374.5098	160.8946	507.79248	23.896885	535000	5.912781e-09	88209.125	-0.0087345	-12192.82	0.6573209	0.015163754	0.1132	12.0	346.8328230381012
107	588.96875	457.93524	999.0	-1.0	50.53125	351.77124	169.72905	514.75073	22.03149	540000	1.695156e-08	78061.65	-0.014587529	-10790.352	0.71275747	0.014323218	0.1106	62.0	350.10829496383667
108	620.65	447.28128	997.0	-1.0	49.8	402.38196	150.54286	520.7443	26.658543	545000	-1.373291e-08	67073.78	-0.012066467	-10469.352	0.6844041	0.013080791	0.0892	29.0	353.8461627960205
109	618.165	446.20468	997.0	-1.0	51.536083	384.98398	156.91257	528.5808	25.203114	550000	7.772446e-09	64028.89	-0.01736886	-13804.551	0.6731496	0.01477896	0.1164	46.0	357.31821179389954
110	572.53	459.4468	989.0	-1.0	49.37	431.024	150.55244	535.45325	96.43958	555000	5.912781e-09	76420.99	-0.017796054	-15380.418	0.65399444	0.014473258	0.114	61.0	362.01020908355713
111	705.81555	412.32755	996.0	-1.0	48.495144	427.6085	147.49088	540.82074	81.8366	560000	2.861023e-10	77499.87	-0.01556839	-13750.195	0.638409	0.011584161	0.1228	79.0	365.4932060241699
112	594.6	457.44556	998.0	-1.0	49.22	429.8662	146.80681	547.14026	58.168808	565000	-3.1375887e-08	65921.73	-0.012464393	-15986.73	0.6708484	0.0150078	0.1018	30.0	368.4570879936218
113	671.9115	433.20258	999.0	-1.0	44.132744	411.3802	167.69466	552.5492	33.26224	570000	4.196167e-09	84042.88	-0.019011118	-21647.965	0.64942527	0.014710297	0.1154	78.0	372.05108094215393
114	641.2783	442.0322	998.0	-1.0	50.814434	426.193	163.08752	558.7104	51.22518	575000	-7.05719e-09	68875.555	-0.011196586	-12150.344	0.695368	0.016253205	0.1546	18.0	375.01786494255066
115	655.63464	438.5825	996.0	-1.0	47.432693	459.3361	137.42522	563.85504	59.005455	580000	-1.0871887e-08	70249.32	-0.011991618	-14433.824	0.6516811	0.01574303	0.1172	32.0	378.04790687561035
116	591.4149	457.04532	997.0	-1.0	52.946808	393.80307	185.765	569.4008	45.568783	585000	7.05719e-09	55833.19	-0.015702553	-12101.191	0.65342456	0.0153790135	0.1092	41.0	381.55460000038147
117	723.09174	406.58664	997.0	-1.0	45.83486	399.54178	203.08835	574.28577	23.314228	590000	7.247925e-09	67094.234	-0.017509727	-17763.629	0.64160305	0.013498479	0.1378	79.0	385.1633949279785
118	548.4563	466.18896	998.0	-1.0	48.495144	464.5247	148.28163	580.59174	85.68322	595000	-8.535385e-09	80498.3	-0.018382378	-27099.54	0.6661948	0.014595926	0.1244	65.0	389.1872489452362
119	659.7739	438.8846	999.0	-1.0	43.02609	440.78226	168.89574	584.5068	40.422512	600000	-8.010864e-09	58029.426	-0.016686471	-18036.781	0.62216765	0.012711986	0.1114	79.0	393.0771188735962
120	685.13544	420.55493	996.0	-1.0	51.375	403.2004	211.39204	590.3665	9.485326	605000	-5.722046e-10	52568.15	-0.018960547	-10364.836	0.6621038	0.01459549	0.1156	79.0	398.27376675605774
121	622.3587	446.1213	998.0	-1.0	52.75	464.93564	168.69775	594.89685	45.785828	610000	7.247925e-09	62640.92	-0.014667384	-21396.871	0.63857263	0.015148743	0.1172	36.0	402.1522309780121
122	585.08887	457.86426	996.0	-1.0	54.7	399.71924	200.0259	598.3728	72.6687	615000	-7.867813e-09	65423.94	-0.0125272535	-12662.859	0.7076376	0.013654602	0.0904	35.0	406.22915410995483
123	622.81055	447.45514	997.0	-1.0	52.452633	405.58575	212.13799	601.3172	61.328598	620000	-6.2942505e-09	55749.863	-0.0076991688	-10977.898	0.70337075	0.0143526215	0.111	11.0	409.31925773620605
124	648.7317	433.8857	996.0	-1.0	60.841465	358.4096	214.02141	604.3393	58.49836	625000	-5.722046e-09	67633.74	-0.01080034	-22197.098	0.7320024	0.017112479	0.1434	13.0	412.4469139575958
125	654.551	437.6427	999.0	-1.0	50.7551	433.2183	186.83972	607.4548	109.259315	630000	-8.201599e-09	56397.02	-0.015221664	-11917.434	0.68750304	0.014866602	0.1118	44.0	415.6610469818115
126	736.6075	398.27594	999.0	-1.0	46.17757	435.02	190.27957	611.0316	108.54291	635000	1.9550324e-08	54247.52	-0.0045741205	-14848.996	0.612471	0.016614571	0.1282	4.0	418.4163978099823
127	643.6981	444.2407	999.0	-1.0	47.14151	477.94986	181.76111	616.46716	69.27153	640000	6.9856645e-09	65645.4	-0.01365509	-14796.848	0.59688157	0.015698506	0.0954	44.0	421.31233191490173
128	622.8476	451.5529	997.0	-1.0	46.638096	421.71075	203.19563	620.59106	4.1383266	645000	1.8119812e-09	61281.484	-0.013589856	-16359.73	0.62314063	0.01484695	0.1034	34.0	424.3411338329315
129	696.7708	415.3807	994.0	-1.0	51.791668	468.8308	196.45871	625.102	28.21737	650000	4.005432e-09	55120.32	-0.016953886	-9486.691	0.55236197	0.013078073	0.1084	79.0	427.3986749649048
130	607.6698	455.91165	999.0	-1.0	46.235847	458.1678	185.60103	629.3661	112.56817	655000	7.629395e-09	54944.54	-0.015211572	-15682.418	0.6018564	0.014753882	0.1022	62.0	431.07911491394043
131	616.4717	453.33298	993.0	-1.0	47.07547	443.73904	211.5156	633.26025	51.57333	660000	1.3828277e-08	65498.74	-0.013048502	-17146.582	0.6024201	0.014128505	0.1268	57.0	434.221049785614
132	646.1881	442.12595	999.0	-1.0	49.158417	428.2548	223.47925	637.4069	72.75306	665000	1.1825562e-08	64046.945	-0.014055537	-18632.398	0.5934234	0.015400863	0.1198	62.0	437.92421674728394
133	736.1226	399.7513	996.0	-1.0	47.16981	477.2311	209.18246	640.95294	29.816847	670000	-5.722046e-10	53626.61	-0.016144047	-15779.133	0.57918036	0.014388252	0.114	79.0	441.29309487342834
134	649.54285	441.5897	997.0	-1.0	47.54286	471.1952	208.00491	645.7031	36.430054	675000	4.7683715e-09	61515.598	-0.012178034	-14490.727	0.5580947	0.015671307	0.0994	31.0	444.0822489261627
135	730.0323	396.31668	999.0	-1.0	53.569893	453.3135	196.44473	649.2735	13.687323	680000	-1.6021728e-08	58369.184	-0.012909808	-19740.219	0.5743081	0.013647687	0.1112	43.0	447.00599694252014
136	648.5464	436.41382	997.0	-1.0	51.463917	513.0198	175.0193	653.3057	61.49954	685000	9.63211e-09	61715.207	-0.008467029	-21192.629	0.59096	0.013909118	0.0758	13.0	449.6888048648834
137	606.82294	451.61	990.0	-1.0	51.458332	456.0379	202.56744	656.1212	-7.2678814	690000	7.4386595e-09	57417.633	-0.017540779	-15933.613	0.61162263	0.014272544	0.1092	62.0	453.04358196258545
138	601.97	453.47665	999.0	-1.0	49.96	408.9501	213.02943	659.63617	49.390198	695000	1.0967255e-08	66974.56	-0.0124243	-22008.27	0.650345	0.015209631	0.1338	26.0	455.81205201148987
139	610.88043	448.23444	996.0	-1.0	54.315216	441.57175	211.75055	662.5301	71.40051	700000	9.393692e-09	58274.496	-0.016809143	-15269.211	0.5985433	0.014792209	0.1156	72.0	458.9775297641754
140	670.56604	432.64352	997.0	-1.0	46.726414	488.2981	179.50333	665.21625	89.79669	705000	2.4795532e-09	66839.6	-0.007060126	-17074.781	0.5313355	0.016757257	0.1084	9.0	462.26036286354065
141	679.7143	420.9944	998.0	-1.0	53.53846	466.923	210.84715	668.37665	38.532066	710000	1.592636e-08	63297.19	-0.010798195	-17644.406	0.5877142	0.016416747	0.1118	19.0	465.1305799484253
142	631.11224	451.4145	998.0	-1.0	50.69388	440.9384	192.05492	669.77563	13.676614	715000	-7.629395e-09	61576.44	-0.0057834685	-18122.445	0.6339654	0.0159819	0.1452	6.0	467.83320808410645
143	609.6322	449.32855	992.0	-1.0	56.896553	409.83032	238.7522	672.79675	-17.258896	720000	-1.8453598e-08	54378.395	-0.004014845	-14302.383	0.6104191	0.017670266	0.151	7.0	470.4181430339813
144	687.53925	424.58185	998.0	-1.0	48.735294	464.0712	235.61661	674.9947	6.482806	725000	2.2888185e-09	68927.98	-0.0076359566	-21685.371	0.4915747	0.01333469	0.1104	24.0	473.20810985565186
145	642.4907	446.2781	999.0	-1.0	45.87963	492.34854	210.10526	677.2705	78.973404	730000	1.01089475e-08	67745.016	-0.008793777	-12358.027	0.46593878	0.014218137	0.0702	13.0	476.2154679298401
146	662.20184	437.89474	999.0	-1.0	44.174313	474.1805	218.76004	679.40497	36.14063	735000	8.773804e-09	59507.69	-0.0132420445	-12446.02	0.49338838	0.014596237	0.122	79.0	480.1220738887787
147	704.1849	419.4374	997.0	-1.0	41.705883	523.2571	189.15091	682.87134	54.516937	740000	6.6757204e-09	52265.81	-0.013368458	-9327.3125	0.47710732	0.008432245	0.0978	79.0	483.6455407142639
148	674.4146	435.44244	999.0	-1.0	40.439026	523.6877	203.47165	688.15295	56.54576	745000	8.773804e-09	56696.94	-0.016321728	-16286.855	0.49438468	0.013169602	0.1148	79.0	486.80304193496704
149	631.8381	448.62054	999.0	-1.0	46.990475	460.8042	217.09421	692.3294	16.143967	750000	-7.820129e-09	60589.938	-0.013267381	-20275.008	0.5815947	0.015630541	0.1144	38.0	489.8455789089203
150	675.5784	427.73474	995.0	-1.0	48.519608	468.5895	229.9102	695.96106	28.648561	755000	3.528595e-09	49315.75	-0.014692791	-19374.977	0.49493277	0.014518428	0.0924	41.0	493.8003656864166
151	637.2708	441.60663	991.0	-1.0	52.0625	509.6764	201.34431	699.7906	66.975655	760000	-1.9073486e-10	73287.52	-0.015816463	-20250.188	0.48870313	0.010795886	0.0948	79.0	497.0160529613495
152	652.5472	440.5569	999.0	-1.0	46.990566	461.75244	197.63354	702.8849	71.33648	765000	6.2942505e-09	56236.41	-0.01774824	-22627.277	0.48862007	0.014500291	0.1012	79.0	500.2632088661194
153	676.2929	427.0146	999.0	-1.0	50.343433	454.38144	228.06497	707.0503	41.601334	770000	-3.0517577e-09	46076.348	-0.015310663	-13867.842	0.54850656	0.013879117	0.1142	72.0	503.3889889717102
154	618.5417	449.28665	995.0	-1.0	49.125	448.2269	241.18881	710.23236	53.341003	775000	-9.918213e-09	48764.73	-0.014860494	-13815.648	0.5656575	0.015425929	0.1152	23.0	506.30952501296997
155	662.36694	437.85388	998.0	-1.0	45.87156	516.6141	189.83109	713.5465	28.020546	780000	-6.1511995e-09	65391.016	-0.017304651	-13725.098	0.48020053	0.013999545	0.107	79.0	510.0134108066559
156	628.37384	449.2783	999.0	-1.0	46.654205	445.0538	236.0905	715.92584	11.223444	785000	-2.4819373e-08	56215.035	-0.01371247	-15526.406	0.5209344	0.01516129	0.1536	32.0	513.3900947570801
157	670.65625	432.43918	997.0	-1.0	51.677082	436.5591	231.09317	719.64874	72.85584	790000	3.2424927e-09	51075.227	-0.0073114918	-14985.52	0.5693027	0.016266586	0.1018	7.0	516.1571369171143
158	664.1702	434.40518	998.0	-1.0	52.70213	479.404	232.19867	722.6206	24.317055	795000	9.155274e-09	56872.973	-0.019317953	-20646.457	0.58380115	0.014020671	0.136	79.0	519.4550857543945
159	611.6091	455.1296	997.0	-1.0	45.454544	458.3883	241.03558	725.5364	17.148685	800000	-1.2397766e-09	45332.33	-0.016132439	-13270.758	0.52520585	0.0096525205	0.105	79.0	522.5948128700256
160	618.18555	447.05835	991.0	-1.0	51.309277	455.7228	266.35132	728.7304	0.6298208	805000	4.196167e-09	47170.363	-0.008234113	-15768.449	0.5394767	0.016086154	0.0882	10.0	525.743558883667
161	635.2477	448.2511	998.0	-1.0	45.669724	467.24744	256.43933	731.0995	-1.3447523	810000	9.727478e-09	51752.027	-0.015205027	-17818.797	0.5811454	0.009922399	0.112	79.0	528.8659188747406
162	596.15454	461.83182	999.0	-1.0	45.163635	449.212	268.46536	734.34424	-35.26831	815000	-1.1444092e-09	61728.77	-0.014985407	-14763.227	0.5507641	0.011801214	0.1084	79.0	532.0236508846283
163	607.4039	454.51126	998.0	-1.0	47.682693	434.8081	240.65056	736.4368	37.699028	820000	-1.5449524e-08	65932.336	-0.015703125	-19910.25	0.5591794	0.013704419	0.1264	42.0	535.0483441352844
164	654.6916	438.63654	991.0	-1.0	46.495327	453.44196	220.32259	739.175	50.782913	825000	-5.722046e-09	60517.676	-0.015631223	-20420.285	0.5138397	0.009068317	0.094	79.0	538.1973528862
165	640.3596	445.50482	999.0	-1.0	43.254387	502.95734	229.87833	742.6424	43.084038	830000	-1.3160705e-08	44755.13	-0.01661989	-13380.248	0.5086127	0.015638962	0.1044	42.0	541.1074888706207
166	709.8817	408.51382	997.0	-1.0	53.419353	469.94275	254.35896	746.32135	8.77175	835000	3.6239625e-09	45701.133	-0.016180854	-23005.492	0.49493828	0.014974617	0.0998	70.0	544.1467409133911
167	714.1101	412.00613	999.0	-1.0	45.19266	533.62067	236.84738	748.94293	-11.023646	840000	8.261204e-09	51968.344	-0.007308048	-11862.227	0.47292882	0.014783749	0.1014	9.0	547.397980928421
168	730.25	402.86636	997.0	-1.0	45.685184	504.0153	226.84781	751.6265	25.593384	845000	-1.001358e-08	43599.406	-0.017318292	-18958.604	0.4931617	0.015125009	0.1122	63.0	551.2630758285522
169	644.5111	435.62012	996.0	-1.0	55.355556	501.1626	242.99464	755.13965	58.05924	850000	1.7642975e-09	59523.39	-0.016248692	-25853.926	0.5629405	0.015224307	0.1162	56.0	554.3272566795349
170	619.45905	458.62375	999.0	-1.0	40.80328	523.88135	221.18883	756.6373	99.56473	855000	-3.004074e-09	73091.48	-0.01065593	-24006.281	0.5128553	0.015757075	0.1296	26.0	557.9888439178467
171	615.9158	451.483	998.0	-1.0	51.452633	434.7565	251.10869	752.8123	48.02285	860000	-8.5830685e-09	71975.31	-0.007619045	-23800.809	0.5667573	0.0150195155	0.1	10.0	560.8428118228912
172	710.7344	420.3057	998.0	-1.0	39.0625	492.4827	218.8589	758.65393	30.067158	865000	-1.4448166e-08	69180.086	-0.011279357	-22231.61	0.46648046	0.01515617	0.1052	22.0	564.155749797821
173	693.7653	419.02185	996.0	-1.0	50.142857	505.758	230.49919	762.1215	74.805176	870000	3.1471252e-09	50345.906	-0.0065377	-19038.62	0.5407541	0.015923213	0.1162	6.0	567.1356918811798
174	690.4954	426.85794	996.0	-1.0	45.77064	540.374	229.9413	764.43915	3.4598465	875000	-6.1392784e-09	65141.406	-0.0051425695	-22137.86	0.4572829	0.012856485	0.1128	6.0	569.9652578830719
175	628.7217	442.76947	996.0	-1.0	51.412373	473.00235	249.54274	767.3376	-2.753543	880000	-2.117157e-08	52964.16	-0.016332414	-24558.271	0.51005137	0.013431298	0.1026	79.0	573.0796008110046
176	695.0476	420.66183	998.0	-1.0	47.409523	525.2213	226.42793	770.7185	-7.927866	885000	4.768372e-10	45068.305	-0.008535044	-12937.031	0.43830362	0.013837222	0.0902	13.0	575.9597628116608
177	695.89624	418.63052	996.0	-1.0	46.490566	537.2486	222.66801	773.72797	-1.9223709	890000	-6.198883e-10	48026.24	-0.016647873	-15281.336	0.5157282	0.015377499	0.1226	60.0	579.0660579204559
178	752.8182	388.52036	999.0	-1.0	44.763638	592.8527	199.32379	775.68524	-4.6921225	895000	-1.7166137e-08	43535.59	-0.017392138	-15161.043	0.45041475	0.012349628	0.1222	79.0	582.3127288818359
179	653.68866	441.0626	995.0	-1.0	46.462265	521.46246	240.4447	777.5659	-32.182686	900000	-5.722046e-10	59517.094	-0.0056757694	-25469.703	0.51823616	0.011284133	0.082	5.0	585.0658309459686
180	631.51404	451.26712	998.0	-1.0	46.093456	470.0965	263.31833	778.9002	20.209915	905000	2.2888185e-09	59205.465	-0.007930826	-23305.016	0.52982074	0.015204208	0.1658	8.0	588.5227718353271
181	606.1226	455.03528	994.0	-1.0	47.07547	447.55704	253.56386	781.34534	35.07367	910000	-8.773804e-09	61163.812	-0.015024778	-18473.035	0.5038038	0.010016043	0.1088	79.0	591.8450717926025
182	680.0194	427.47574	996.0	-1.0	48.53398	509.487	224.13678	783.1302	44.729015	915000	1.4305115e-09	49191.023	-0.013947359	-11583.793	0.43955746	0.01424555	0.1036	53.0	595.145299911499
183	582.88574	458.75476	997.0	-1.0	47.32381	502.79584	235.70374	786.5439	-3.9244413	920000	1.1348725e-08	52704.863	-0.010585789	-21276.844	0.4534788	0.015422678	0.111	32.0	598.252525806427
184	638.2353	447.19467	997.0	-1.0	41.563026	483.16385	247.4634	789.3062	-43.84881	925000	1.373291e-08	62328.152	-0.016485661	-24605.645	0.41446543	0.015259817	0.1012	59.0	602.0354650020599
185	649.79047	442.20532	995.0	-1.0	47.180954	543.1035	217.56873	791.1275	92.5481	930000	1.6021728e-08	74997.13	-0.005556433	-20906.215	0.5042117	0.021273142	0.12	4.0	604.9012558460236
186	648.125	447.44876	996.0	-1.0	44.214287	481.98685	233.07658	787.8443	34.796234	935000	1.6212464e-09	55227.73	0.0041641933	-12048.492	0.46768808	0.010488247	0.1218	5.0	607.5945527553558
187	680.62384	430.46036	999.0	-1.0	45.46789	525.6736	238.43611	788.72705	62.49277	940000	2.0980835e-09	50108.613	0.009101318	-12924.723	0.43512782	0.029776037	0.1214	1.0	610.3418419361115
188	683.5091	429.7545	999.0	-1.0	45.045456	546.3736	235.15126	790.4634	26.888292	945000	9.536743e-11	68689.445	-0.0011664601	-26121.426	0.43458116	0.013024136	0.1088	3.0	613.140086889267
189	603.82855	456.62134	999.0	-1.0	47.304764	461.40646	235.8932	794.55566	10.030856	950000	-3.3378602e-09	64387.758	-0.00072068226	-24712.297	0.43389428	0.0117248595	0.0948	7.0	615.798877954483
190	668.451	433.07242	998.0	-1.0	48.941177	495.90515	264.2117	795.9783	-38.81603	955000	1.1205673e-08	57464.73	-0.013148905	-19147.336	0.39286846	0.010727471	0.1128	79.0	619.4669349193573
191	631.9829	448.51678	998.0	-1.0	42.641026	530.5585	235.97594	797.272	-88.29758	960000	9.155274e-09	53447.434	-0.013460025	-17116.672	0.4298962	0.013646872	0.0936	34.0	622.431138753891
192	680.1028	426.2483	995.0	-1.0	46.61682	544.6439	210.53773	799.56116	89.5775	965000	-1.926422e-08	46196.31	-0.013315958	-12786.617	0.41338217	0.015228599	0.1012	36.0	625.6341550350189
193	650.2762	441.6453	999.0	-1.0	47.24762	519.8715	234.05927	800.6591	3.7578936	970000	-1.0967255e-09	65578.02	-0.0074248863	-28391.973	0.37697148	0.010843308	0.0722	25.0	628.5730879306793
194	625.84406	450.17523	999.0	-1.0	45.412846	488.021	238.19972	801.3324	-114.40456	975000	-2.7179718e-08	61672.973	-0.0022970221	-20050.293	0.439732	0.012998841	0.1166	6.0	631.2478940486908
195	670.9464	435.12085	999.0	-1.0	44.4375	521.477	225.10431	802.45654	-37.544113	980000	1.4686584e-08	58466.95	-0.015302298	-18594.29	0.37833157	0.015419128	0.0974	58.0	634.2164828777313
196	632.354	451.56442	999.0	-1.0	44.0177	506.26614	237.82617	805.629	1.2923965	985000	-3.0517577e-09	76981.75	-0.015338547	-20960.273	0.38398412	0.014555417	0.1236	79.0	637.3960011005402
197	622.6422	456.83743	998.0	-1.0	45.48624	448.37576	252.37787	806.52527	-2.2101688	990000	-8.773804e-09	66934.96	-0.010766761	-20428.773	0.42875108	0.01639522	0.0926	21.0	640.6613078117371
198	633.8313	441.88818	994.0	-1.0	53.710842	412.67023	268.79327	810.6613	-31.23442	995000	-6.198883e-09	57446.617	-0.011209487	-21379.297	0.50293165	0.010290993	0.109	79.0	644.0760328769684
199	729.7951	408.9341	999.0	-1.0	40.893444	538.7017	252.94913	812.7922	-14.943472	1000000	8.773804e-09	72886.48	-0.013492086	-21458.484	0.4056364	0.0143338535	0.1098	79.0	647.6096630096436
200	700.9123	420.448	997.0	-1.0	43.061405	562.1765	206.33887	814.0107	43.20051	1005000	-1.1396408e-08	38347.098	-0.016323848	-16634.209	0.376513	0.015710937	0.1102	63.0	651.4473218917847
201	680.34863	430.61542	998.0	-1.0	45.284405	525.05347	249.94524	815.53204	34.879612	1010000	1.6212464e-09	66364.914	-0.01462396	-24938.254	0.38584864	0.015266885	0.094	51.0	654.5664339065552
202	656.9823	441.72598	998.0	-1.0	44.0177	496.6126	231.4038	818.9195	17.324743	1015000	7.6770785e-09	69534.11	-0.007824187	-22139.098	0.38039935	0.018768014	0.0846	4.0	657.5917057991028
203	655.04	440.46463	999.0	-1.0	49.9	488.9718	253.71877	812.08954	-38.918922	1020000	2.9563905e-09	63023.027	-0.011479914	-18250.582	0.40011713	0.008587619	0.1136	79.0	661.0184807777405
204	642.5849	443.26538	998.0	-1.0	46.896225	503.07974	232.24503	793.2545	-23.30098	1025000	-1.0299683e-08	55373.938	-0.010591102	-15531.926	0.3797093	0.015456439	0.092	18.0	664.0055439472198
205	635.30304	451.30603	999.0	-1.0	50.484848	463.2133	262.79483	793.49286	3.0946798	1030000	1.1444092e-08	63713.715	-0.013146105	-26533.5	0.459638	0.01378582	0.0976	45.0	667.1451609134674
206	667.2982	436.49622	999.0	-1.0	43.54386	468.74725	248.7541	813.1525	-1.8482265	1035000	-1.3828277e-08	60610.074	-0.011472258	-20023.328	0.37038013	0.015552322	0.0998	29.0	670.2796957492828
207	624.39813	452.40027	999.0	-1.0	46.01852	495.63254	228.74043	817.37335	58.531796	1040000	-8.010864e-09	61924.17	-0.01334029	-23379.148	0.37729487	0.011200368	0.1042	79.0	673.533448934555
208	656.5607	440.14407	998.0	-1.0	45.69159	496.0983	249.37169	803.21875	31.05645	1045000	1.0967255e-08	53645.113	-0.015670005	-13924.863	0.3902102	0.01411264	0.1	42.0	676.4629938602448
209	695.2679	422.92868	999.0	-1.0	44.61607	499.50754	253.22685	805.57886	56.11142	1050000	-8.5830687e-10	41933.844	-0.009345144	-13091.273	0.3831634	0.015749563	0.0828	15.0	679.4047708511353
210	733.0103	398.71497	998.0	-1.0	50.84536	543.9268	265.1232	805.5913	19.465427	1055000	-2.7656555e-09	45615.848	-0.0075676646	-12006.273	0.43718198	0.016921641	0.094	10.0	683.9530429840088
211	642.33	442.83472	999.0	-1.0	49.98	494.48834	245.34329	803.7373	8.537064	1060000	2.2315978e-08	63792.945	-0.009817157	-19764.273	0.4234086	0.016966429	0.1092	20.0	687.5322649478912
212	625.18445	450.0593	994.0	-1.0	48.291264	498.2212	241.67302	807.1622	-36.598293	1065000	-1.7261506e-08	63555.56	-0.0147480015	-20810.012	0.39125684	0.014785972	0.098	57.0	691.3282058238983
213	703.7551	414.41406	999.0	-1.0	50.183674	456.88324	227.67789	813.6433	22.37452	1070000	-1.5354157e-08	53554.285	-0.010343364	-18651.656	0.48148984	0.013110424	0.1054	18.0	694.6408770084381
214	691.1009	427.44458	998.0	-1.0	45.458717	524.8361	250.8015	808.74335	39.336445	1075000	7.724762e-09	54402.766	-0.012414414	-19168.34	0.41622198	0.013500859	0.0848	79.0	698.4901540279388
215	700.55646	423.28973	999.0	-1.0	40.0	542.65	239.87987	811.091	60.575127	1080000	-9.536744e-10	55465.582	-0.007889872	-20424.668	0.37791842	0.015256891	0.0792	9.0	701.964586019516
216	713.3984	415.5281	995.0	-1.0	40.552845	585.878	218.26256	817.0325	54.726532	1085000	1.335144e-09	50672.973	-0.015514495	-21696.31	0.40124583	0.0135125	0.1168	79.0	705.3014938831329
217	663.7111	436.64465	996.0	-1.0	55.4	455.2822	286.1955	818.95795	-4.3849716	1090000	-5.6743623e-09	53431.44	-0.014006586	-14243.68	0.48473203	0.011397965	0.119	79.0	708.9100189208984
218	626.2308	448.48328	998.0	-1.0	47.33654	496.027	246.22662	820.74524	-1.2659054	1095000	9.059906e-09	56041.883	-0.016358651	-16431.54	0.4366007	0.01237991	0.1164	79.0	712.51207280159
219	645.3475	446.21158	994.0	-1.0	42.194916	487.6523	242.84521	821.44763	42.557133	1100000	1.616478e-08	47429.19	-0.0062991735	-14868.83	0.4232563	0.01653822	0.0838	9.0	715.5147867202759
220	655.3269	438.72916	995.0	-1.0	47.278847	526.6641	260.4157	823.932	-32.628082	1105000	-1.5640259e-08	61757.355	-0.014383758	-22785.312	0.36482978	0.010325645	0.1142	79.0	719.6653571128845
221	694.99036	423.22522	997.0	-1.0	47.528847	510.3268	254.75739	827.203	12.095884	1110000	-1.2397766e-09	44704.805	-0.008374874	-17704.525	0.38745254	0.016747167	0.0792	13.0	722.5908007621765
222	639.90265	448.03098	999.0	-1.0	43.938053	531.0047	239.0982	827.19165	-8.522955	1115000	-4.386902e-09	71837.28	-0.016287068	-27924.016	0.36586684	0.013521205	0.1156	79.0	725.7831039428711
223	660.40955	438.75763	999.0	-1.0	46.819046	502.75565	238.36479	829.03644	11.901939	1120000	4.196167e-09	67265.484	-0.0077088024	-22200.672	0.38973358	0.014965488	0.1106	10.0	728.5311849117279
224	601.0351	460.39273	999.0	-1.0	43.54386	480.4234	253.2942	831.36847	17.093843	1125000	-3.3378602e-09	53185.27	-0.015765402	-15730.504	0.40600336	0.011185619	0.1018	79.0	732.0178020000458
225	731.64105	402.54437	998.0	-1.0	42.60684	568.618	243.73997	830.74854	11.331387	1130000	-3.4332274e-08	34424.42	-0.0147011755	-10423.229	0.3937645	0.014679828	0.0958	50.0	735.3010680675507
226	665.6863	431.46255	998.0	-1.0	48.882355	506.3754	255.37193	835.28595	-4.677924	1135000	4.9591065e-09	50625.582	-0.00873982	-16288.328	0.3950809	0.015794419	0.0798	13.0	738.2203860282898
227	665.6	437.17993	996.0	-1.0	41.625	566.7817	219.9823	839.3905	71.18707	1140000	1.2397766e-09	58677.777	-0.0059463624	-15887.309	0.37543046	0.016942644	0.089	8.0	741.2807810306549
228	677.3802	433.62955	999.0	-1.0	40.83471	548.7116	226.99658	855.8893	51.0602	1145000	-1.01089475e-08	46029.33	-0.003712748	-13385.191	0.3650213	0.014535759	0.075	6.0	744.1546680927277
229	642.6733	440.7946	997.0	-1.0	49.455444	524.5489	248.0504	843.56146	-36.998066	1150000	-7.6293943e-10	53121.406	-0.0045977836	-12758.078	0.47122353	0.018168993	0.1184	5.0	747.0362460613251
230	659.53845	441.0824	997.0	-1.0	41.62393	519.9227	230.78548	803.35986	63.32361	1155000	-2.7656555e-09	49309.777	-0.013899741	-11822.828	0.41108721	0.015263108	0.1096	42.0	750.6637308597565
231	671.83636	432.09473	998.0	-1.0	45.28182	505.3323	244.2391	830.6339	-39.496056	1160000	5.1498414e-09	48926.734	-0.015508807	-16180.93	0.4082715	0.015800338	0.1224	67.0	753.9760210514069
232	639.1229	447.88068	995.0	-1.0	40.97541	557.6815	246.58081	836.20233	36.487923	1165000	1.335144e-09	73060.53	-0.014173802	-19329.102	0.40315044	0.014438443	0.114	79.0	757.5399479866028
233	664.82654	432.65268	998.0	-1.0	50.663265	512.40045	214.64307	839.721	97.51915	1170000	-1.001358e-09	55691.707	-0.009723885	-19269.55	0.44630244	0.015665183	0.0656	19.0	760.4234800338745
234	717.4825	410.82474	996.0	-1.0	43.833332	566.7206	224.14378	837.7367	-55.54943	1175000	1.3113022e-10	58209.113	-0.015937295	-11857.617	0.3812942	0.013255683	0.1244	79.0	763.8278820514679
235	670.87823	436.5831	999.0	-1.0	42.93913	527.5166	222.82088	836.3709	52.367905	1180000	8.487701e-09	64439.527	-0.006425785	-24366.473	0.42866847	0.018341668	0.0878	5.0	766.904816865921
236	649.807	443.02417	999.0	-1.0	43.824562	556.0793	233.87122	838.41486	100.2186	1185000	-1.5068053e-08	63757.094	-0.0077560483	-21585.316	0.41678917	0.011551241	0.102	18.0	769.8454008102417
237	656.47156	440.3373	998.0	-1.0	40.626015	549.4976	233.1771	838.3699	57.558758	1190000	-5.912781e-09	48412.54	-0.0042540957	-17199.8	0.38400635	0.02174119	0.122	6.0	772.657262802124
238	658.2833	440.90063	999.0	-1.0	41.483334	577.6296	213.60728	838.63995	55.598434	1195000	-1.926422e-08	62547.918	-0.014948613	-15804.281	0.37007657	0.014869638	0.1016	67.0	775.8243479728699
239	709.5234	413.76627	999.0	-1.0	45.962616	563.1756	221.63406	838.07135	13.741882	1200000	4.6253206e-09	48044.312	-0.01203313	-12431.508	0.38379547	0.01519225	0.11	25.0	778.7093179225922
240	577.3261	464.28052	995.0	-1.0	54.347828	488.307	237.22128	835.6808	9.398023	1205000	-1.5258789e-09	65825.77	-0.006620641	-29478.574	0.39829302	0.046121996	0.1566	3.0	781.8920679092407
241	739.0259	398.80383	995.0	-1.0	42.525864	505.95526	248.98688	833.2561	4.4431505	1210000	-1.1825562e-08	52576.254	-0.0041775038	-21477.277	0.41358173	0.016448807	0.1084	5.0	784.7407701015472
242	758.5619	380.86496	997.0	-1.0	47.590477	570.5952	237.30739	827.9996	74.93439	1215000	-1.2397766e-09	48354.863	-0.008184984	-21102.738	0.3801873	0.009901295	0.0742	14.0	787.5709178447723
243	669.56525	435.21027	996.0	-1.0	42.608696	583.60284	231.76846	843.5864	18.293413	1220000	9.727478e-09	50887.68	-0.014556361	-19791.305	0.34388766	0.01460979	0.0842	79.0	790.9469950199127
244	683.43243	427.03482	999.0	-1.0	44.963963	546.86945	235.09547	846.0515	34.25161	1225000	1.525879e-08	44681.996	-0.013391803	-14352.92	0.3558156	0.010939229	0.0996	79.0	794.222659111023
245	652.3815	438.19107	996.0	-1.0	50.85567	538.1603	229.6399	839.64935	30.956778	1230000	1.7738342e-08	55877.1	0.0013147624	-24857.87	0.43084082	0.02034992	0.1796	6.0	796.9409399032593
246	656.5106	440.04358	998.0	-1.0	52.276596	461.321	265.31265	847.182	-7.6897087	1235000	-3.0517577e-09	44337.92	0.00740768	-12834.664	0.4035541	0.03743632	0.191	1.0	799.676228761673
247	738.69745	401.52762	997.0	-1.0	41.79832	526.7562	259.63168	842.5118	-23.5424	1240000	-2.9563905e-09	51397.777	-0.010310099	-15816.805	0.38095734	0.014600641	0.0888	23.0	802.6223349571228
248	631.958	451.44757	997.0	-1.0	42.0	556.2756	233.82397	844.64874	25.935165	1245000	6.6757204e-09	47268.227	-0.0018160179	-16968.201	0.38491583	0.01495914	0.117	6.0	805.5095779895782
249	637.66266	433.28345	982.0	-1.0	60.21687	442.12625	269.0773	835.63617	22.157948	1250000	9.155274e-09	44603.76	-0.0052931565	-16686.553	0.44635516	0.01480453	0.086	7.0	808.0960457324982
250	728.5743	397.37082	997.0	-1.0	49.188118	579.80035	230.96231	829.87976	-1.4045353	1255000	-1.9073486e-10	44894.477	-0.0065557365	-16105.664	0.35426298	0.017439608	0.0988	9.0	811.4800419807434
251	694.29565	423.45355	996.0	-1.0	43.052174	561.9297	214.31757	828.88684	38.77004	1260000	1.0585785e-08	53288.133	-0.013711439	-16155.719	0.37177128	0.00920795	0.1106	79.0	814.6905510425568
252	653.5455	443.50043	998.0	-1.0	41.0	573.7989	219.5776	837.50653	72.37652	1265000	1.168251e-08	61382.535	-0.014916499	-13660.371	0.40673375	0.010118652	0.0926	79.0	817.8795011043549
253	845.62036	300.62045	998.0	-1.0	46.296295	582.6036	219.24248	837.6378	80.97051	1270000	-8.010864e-09	31771.178	-0.006827097	-9324.215	0.36623627	0.0062876176	0.0394	19.0	820.8712909221649
254	680.26605	430.3426	999.0	-1.0	45.669724	602.47534	191.21654	843.82733	208.04738	1275000	-1.449585e-08	58902.605	-0.011730422	-21087.52	0.38861474	0.01434504	0.1018	24.0	823.7517609596252
255	747.9821	392.01266	997.0	-1.0	44.30357	535.2174	248.34311	852.2546	-39.59459	1280000	-2.670288e-09	45379.168	-0.011178856	-16517.031	0.38943297	0.015467245	0.091	54.0	826.7834539413452
256	669.1696	433.94067	996.0	-1.0	44.285713	573.9994	234.92941	859.59717	-58.06672	1285000	-7.820129e-09	51788.49	-0.011208341	-14326.789	0.32359055	0.01575592	0.0888	25.0	829.5603678226471
257	621.9256	454.8637	999.0	-1.0	41.305786	530.4083	231.67345	849.2384	76.55753	1290000	1.5258789e-09	57291.08	-0.011268496	-14535.836	0.36371824	0.015898645	0.0766	17.0	832.3821408748627
258	652.06085	441.7315	999.0	-1.0	43.260868	540.0148	244.32436	852.1569	69.06971	1295000	9.536743e-09	41021.754	-0.0138170095	-9419.152	0.3772928	0.009813037	0.093	79.0	835.6684439182281
259	644.2547	444.0471	997.0	-1.0	46.660378	546.7485	250.31009	835.8236	43.065605	1300000	5.340576e-09	64408.59	-0.010547118	-22050.586	0.3214985	0.0127396835	0.0856	19.0	838.6048038005829
260	636.5763	448.69336	997.0	-1.0	42.288136	534.3636	231.27898	851.5838	56.691174	1305000	-1.9073486e-10	55699.688	-0.012767462	-16928.012	0.40134722	0.014500974	0.1038	72.0	842.3950719833374
261	645.25806	446.7322	999.0	-1.0	40.10484	525.746	252.09836	854.1556	22.897457	1310000	1.6355514e-08	41776.895	-0.015338197	-12447.205	0.33755195	0.015725018	0.1312	37.0	845.3597240447998
262	701.82886	419.02267	999.0	-1.0	44.414413	560.3725	242.69193	837.8552	-29.59787	1315000	-5.1498414e-09	45893.51	-0.0054831216	-10615.965	0.3321037	0.01267264	0.0774	9.0	848.3562498092651
263	720.19446	407.1228	997.0	-1.0	46.25	545.7286	238.71313	847.87964	87.257805	1320000	3.6239625e-09	40777.207	-0.01300727	-11149.352	0.35468373	0.008742407	0.0938	79.0	851.9652118682861
264	740.4779	396.19034	999.0	-1.0	43.849556	555.4856	231.24904	872.72833	103.44751	1325000	9.155274e-09	35319.38	-0.011188202	-9379.857	0.33175734	0.015872318	0.0776	32.0	855.1087348461151
265	728.14954	403.57983	992.0	-1.0	46.495327	600.422	213.43597	850.7149	114.03134	1330000	-1.1062622e-08	38752.37	-0.006862376	-16176.949	0.3656331	0.016040845	0.0688	8.0	857.7974598407745
266	714.4286	418.24963	999.0	-1.0	39.34127	568.5775	256.2172	865.98737	35.25548	1335000	-2.670288e-09	58142.324	-0.009572604	-24170.363	0.37097588	0.017221667	0.111	11.0	860.6062228679657
267	742.822	396.18225	999.0	-1.0	42.23729	555.79755	248.50485	855.2001	29.089539	1340000	3.71933e-08	36190.434	-0.005124554	-10776.766	0.30270952	0.015474494	0.0638	8.0	863.313248872757
268	699.28973	417.86774	993.0	-1.0	46.626167	585.3916	229.01714	872.8194	106.08342	1345000	2.2411346e-09	49838.363	-0.0050260336	-15883.266	0.3831942	0.013912	0.0822	6.0	865.9957408905029
269	682.8	430.69086	999.0	-1.0	41.508335	585.8578	222.38014	871.5287	63.44625	1350000	-1.7929077e-08	39608.56	-0.0071412376	-14326.223	0.36839092	0.014652661	0.0992	14.0	868.9051949977875
270	656.9722	437.44058	999.0	-1.0	46.22222	525.7579	262.90067	883.552	-34.782448	1355000	1.01089475e-08	43383.184	-0.004718403	-13411.018	0.35880104	0.016802868	0.0862	5.0	872.2345967292786
271	640.0926	444.73322	998.0	-1.0	46.055557	537.43054	258.6937	883.24176	-44.52312	1360000	-5.722046e-09	58013.594	-0.015250275	-22618.797	0.32592198	0.0151545685	0.1092	77.0	875.7621397972107
272	685.97296	428.5617	999.0	-1.0	44.0	520.774	235.01152	886.31024	-33.91785	1365000	-6.4849854e-09	62094.004	-0.0064598965	-22538.523	0.34243336	0.016105039	0.0716	9.0	878.6844820976257
273	596.91895	458.3146	998.0	-1.0	44.48649	510.1381	234.99643	888.2589	94.8802	1370000	1.7166137e-08	57684.29	-0.0074378643	-18977.691	0.33500248	0.016170587	0.0978	15.0	881.5528788566589
274	676.15094	427.39142	999.0	-1.0	47.103775	543.9704	240.64905	887.30023	15.924099	1375000	4.673004e-09	39642.098	-0.0134321395	-8925.01	0.36234963	0.016126025	0.0952	32.0	884.6283540725708
275	655.3173	438.58002	999.0	-1.0	48.067307	548.32574	237.84554	879.0697	43.95194	1380000	2.9802323e-09	58355.117	-0.015424679	-22119.508	0.41606075	0.014311673	0.1086	79.0	887.839693069458
276	698.05	415.20233	999.0	-1.0	49.85	512.7286	250.70264	877.3415	14.752987	1385000	3.6239625e-09	35493.66	-0.012451578	-11344.551	0.32794595	0.007447955	0.0896	79.0	891.033234834671
277	637.66943	449.4843	999.0	-1.0	41.20661	580.1809	228.68776	878.7126	52.06275	1390000	-1.6975402e-08	50169.547	-0.0151590565	-22643.13	0.31097916	0.008808738	0.0922	79.0	894.7401638031006
278	665.91455	436.4952	999.0	-1.0	42.641026	525.1601	261.6778	880.51245	-32.322426	1395000	9.536744e-10	50768.504	-0.014752577	-17269.95	0.35518458	0.01256975	0.0916	79.0	897.9992949962616
279	645.8218	441.5227	999.0	-1.0	49.09901	537.6166	248.52731	876.0879	17.771326	1400000	-1.0967255e-08	60223.91	-0.011672087	-20391.496	0.36050972	0.013511636	0.0954	79.0	901.2686457633972
280	661.0755	436.13577	996.0	-1.0	47.009434	507.2873	229.658	856.7476	31.194435	1405000	-1.2016296e-08	57808.37	-0.014313365	-17861.934	0.36455625	0.014849558	0.092	56.0	905.1302599906921
281	736.49054	399.78806	999.0	-1.0	46.38679	545.335	234.86868	852.23016	-1.4821596	1410000	-4.196167e-09	39855.105	-0.01576178	-12283.572	0.36581412	0.014428198	0.1012	62.0	908.5932719707489
282	663.4	435.92984	994.0	-1.0	44.8	535.5645	260.33502	858.0903	-12.176154	1415000	1.2969971e-08	48312.7	-0.009418242	-14950.059	0.35433012	0.017122276	0.0972	30.0	912.0020728111267
283	711.89246	411.22098	995.0	-1.0	53.731182	573.8573	217.28906	856.0187	-30.632164	1420000	-1.411438e-08	61403.94	-0.008586623	-30724.572	0.37826043	0.015531009	0.0876	13.0	914.9700570106506
284	742.98114	392.62332	998.0	-1.0	47.09434	530.6029	232.59215	810.1359	-31.501446	1425000	1.0490417e-09	54559.36	-0.015557307	-17775.281	0.3400531	0.013718658	0.1262	71.0	918.5471119880676
285	684.7661	430.8949	999.0	-1.0	40.322582	551.5388	207.03108	827.7448	44.583797	1430000	9.870529e-09	51849.48	-0.003204377	-17142.16	0.3703047	0.015086387	0.086	6.0	921.4339609146118
286	673.12067	434.7292	999.0	-1.0	42.793102	582.7903	215.46933	837.6135	37.220985	1435000	9.9658966e-09	59969.855	-0.016894264	-15467.418	0.3454633	0.014980919	0.114	64.0	924.6785569190979
287	707.25	419.2327	997.0	-1.0	41.316666	522.2748	231.23232	833.73474	94.79336	1440000	-1.9073486e-10	46974.906	-0.01239827	-13438.359	0.33001718	0.008286238	0.0936	79.0	928.2277917861938
288	711.3861	409.6157	999.0	-1.0	49.20792	557.90765	233.33684	843.9209	88.03262	1445000	9.727478e-09	44563.43	-0.013337442	-14160.709	0.34569022	0.016009334	0.0914	41.0	931.1095790863037
289	653.40814	435.67154	998.0	-1.0	50.510204	525.20953	250.6703	842.68085	69.00947	1450000	-3.3378602e-09	37561.793	-0.007831041	-12021.031	0.3960514	0.016902143	0.0794	9.0	933.7525219917297
290	657.89844	444.88498	999.0	-1.0	38.835938	533.2088	247.43147	842.7363	3.4098463	1455000	-8.869171e-09	58421.484	-0.013399915	-17532.71	0.36389062	0.015641656	0.1036	44.0	937.3933470249176
291	731.2936	400.79132	999.0	-1.0	45.605503	574.611	221.49013	853.45105	49.644493	1460000	4.9591065e-09	54935.93	-0.0141309695	-18757.992	0.3980776	0.014269667	0.0948	46.0	940.3646259307861
292	640.2778	444.90897	998.0	-1.0	46.25926	521.19257	225.31268	851.7849	6.0275345	1465000	7.915497e-09	46114.33	-0.013968456	-17019.691	0.3460272	0.01319353	0.1098	34.0	943.8784630298615
293	706.422	416.7311	998.0	-1.0	45.284405	512.2377	252.92722	844.49664	-0.7398186	1470000	-6.866455e-09	42096.45	-0.012605245	-13094.088	0.30158004	0.011019511	0.0948	79.0	947.1801588535309
294	744.8261	394.23837	998.0	-1.0	42.921738	564.0749	236.04205	851.7238	18.70197	1475000	1.5449524e-08	40772.086	-0.004718033	-12765.014	0.3132839	0.020609329	0.0928	15.0	950.2723639011383
295	716.06793	407.02182	999.0	-1.0	48.330097	595.7918	210.95746	849.896	24.42714	1480000	4.1007997e-09	45200.01	-0.0073504834	-15920.865	0.3599781	0.015464532	0.0912	12.0	953.7139408588409
296	691.8509	424.36682	999.0	-1.0	43.701756	562.9361	225.06839	842.2854	75.050896	1485000	-2.2888184e-08	47391.6	-0.012432217	-13708.105	0.32272223	0.015703062	0.0972	33.0	956.937803030014
297	635.661	448.29507	999.0	-1.0	41.83898	556.38043	221.4713	843.1249	83.98924	1490000	6.6757204e-09	50137.26	-0.004857016	-17708.584	0.32130712	0.014686249	0.0822	8.0	959.7393779754639
298	692.028	423.44965	997.0	-1.0	46.570095	510.71124	251.13347	844.116	17.939056	1495000	-6.5803527e-09	45070.836	-0.006246335	-12982.49	0.30561444	0.018361796	0.0878	6.0	962.5160279273987
299	681.0168	432.0205	999.0	-1.0	41.882355	552.7652	249.32324	844.9317	69.14036	1500000	2.3841858e-08	57944.188	-0.015766973	-18515.832	0.3362055	0.011241693	0.1034	79.0	965.7594287395477
300	758.4167	378.3447	998.0	-1.0	52.03125	528.939	249.58795	844.66003	54.976658	1505000	1.8978119e-08	37322.156	-0.0143986195	-9787.791	0.33724496	0.010025538	0.0968	79.0	969.6670060157776
301	664.1177	430.39508	993.0	-1.0	48.54902	575.7424	226.32057	843.74414	47.153778	1510000	-1.1444092e-09	57047.81	-0.009670388	-21124.43	0.32502535	0.007706017	0.0638	40.0	972.6045680046082
302	667.6316	436.53516	999.0	-1.0	43.605263	552.8041	209.43672	844.0997	27.099697	1515000	-3.7670134e-09	53859.8	-0.015254944	-17365.438	0.3289276	0.015796801	0.0966	42.0	975.5959088802338
303	716.1593	412.4749	999.0	-1.0	43.752213	533.8899	241.93436	846.3848	-24.736734	1520000	9.918213e-09	40339.39	-0.011867447	-10307.0	0.3017664	0.014467146	0.0754	36.0	978.5350179672241
304	659.534	434.33618	996.0	-1.0	48.40777	523.6208	259.84097	848.5443	36.96391	1525000	1.001358e-08	59160.89	-0.008411046	-21904.477	0.382219	0.015082266	0.0862	10.0	981.2497808933258
305	637.48676	446.38422	996.0	-1.0	44.15929	571.124	210.61526	850.3069	84.89079	1530000	-1.6117095e-08	66775.664	-0.013768279	-27409.176	0.32165697	0.014919681	0.113	26.0	984.0983920097351
306	732.8532	401.28406	999.0	-1.0	45.568806	543.6467	240.3627	851.1405	57.221405	1535000	1.5258789e-09	35626.223	-0.008537896	-12443.594	0.27748317	0.01683044	0.0896	15.0	986.9242579936981
307	684.23956	418.48456	997.0	-1.0	52.020832	514.249	260.9577	851.9197	-5.1471586	1540000	0.0	55166.695	-0.012150692	-21122.266	0.31873727	0.016494153	0.1052	76.0	990.0554819107056
308	681.16394	433.30997	999.0	-1.0	40.745903	578.90967	184.6867	838.9709	171.01591	1545000	6.866455e-09	59025.344	-0.010505865	-13223.949	0.31402358	0.015685203	0.1052	20.0	992.9804198741913
309	732.7283	388.27722	992.0	-1.0	54.0	547.2954	241.45325	858.3738	76.640816	1550000	-1.9073487e-09	36903.72	-0.009830173	-16311.035	0.37374005	0.015079596	0.0806	17.0	995.7709560394287
310	686.14703	423.7749	999.0	-1.0	48.068626	550.11316	209.51146	849.8588	70.42757	1555000	1.4305114e-08	44340.06	-0.007460102	-12690.594	0.39111272	0.016075019	0.0922	8.0	999.2654027938843
311	724.6637	408.6508	999.0	-1.0	43.955753	513.0814	237.51437	839.719	11.310325	1560000	7.6293943e-10	56101.195	-0.00928356	-19528.117	0.3396647	0.020152567	0.1004	10.0	1002.1225657463074
312	672.4528	433.9156	997.0	-1.0	47.14151	560.6362	240.90845	846.5604	22.362705	1565000	-2.4795533e-08	69342.25	-0.005445861	-18568.035	0.36666822	0.017049506	0.1052	6.0	1004.9152629375458
313	602.0804	459.10867	998.0	-1.0	44.267857	478.3155	226.22922	847.7749	72.81761	1570000	-5.340576e-09	60474.61	-0.014018462	-13326.02	0.32321742	0.015509073	0.1016	27.0	1007.8314278125763
314	716.3276	414.85284	999.0	-1.0	42.724136	521.7766	253.05989	849.50287	-1.9802923	1575000	1.4686584e-08	47455.938	-0.005958795	-18953.71	0.36637512	0.018410154	0.0948	6.0	1010.6148517131805
315	695.8762	421.0914	999.0	-1.0	47.25714	550.4208	243.28267	858.3115	-14.964286	1580000	8.72612e-09	49077.184	-0.008476796	-16043.031	0.33497742	0.015541278	0.059	15.0	1013.4205477237701
316	764.0349	367.289	989.0	-1.0	57.976746	565.287	208.54738	845.9354	74.008446	1585000	1.4257431e-08	42511.992	-0.013935228	-13451.8125	0.38580474	0.016296841	0.1218	44.0	1016.3399949073792
317	719.45	406.7389	999.0	-1.0	49.82	505.7889	252.21489	826.8057	8.367672	1590000	-3.0517577e-09	39059.168	-0.0034012466	-9934.527	0.38101974	0.02220076	0.0762	12.0	1019.1638369560242
318	686.13916	427.3073	997.0	-1.0	43.31304	556.2989	226.41182	841.8693	23.070839	1595000	2.861023e-10	54188.258	-0.016980657	-15603.016	0.33907026	0.014935971	0.1152	54.0	1022.2130868434906
319	676.1786	429.17346	997.0	-1.0	44.625	568.6003	214.61862	844.1949	97.01574	1600000	-9.536743e-11	48220.32	-0.009882127	-10074.773	0.3308667	0.016126957	0.0758	21.0	1025.008248090744
320	663.0842	430.39078	999.0	-1.0	52.557896	535.3665	214.85023	850.7359	114.91076	1605000	-4.577637e-09	48203.926	-0.0124556385	-13285.883	0.33259618	0.0122446595	0.0782	79.0	1028.85875582695
321	662.52295	438.0288	997.0	-1.0	45.348625	543.0115	210.4226	850.04364	65.226006	1610000	-4.9591065e-09	52737.51	-0.0087562315	-24845.25	0.32702848	0.014562022	0.071	17.0	1031.6920049190521
322	728.4808	400.78244	999.0	-1.0	47.89423	546.7635	253.08937	843.9671	13.091841	1615000	-8.916855e-09	50015.812	-0.014751432	-18242.885	0.3266291	0.01391778	0.1028	60.0	1034.8222877979279
323	692.775	428.08844	999.0	-1.0	40.958332	553.3997	237.89151	853.39996	124.892914	1620000	1.1444092e-08	56980.645	-0.01740311	-18276.934	0.3301061	0.0147698475	0.1214	70.0	1038.0152068138123
324	746.2841	395.14615	997.0	-1.0	56.670456	476.8749	248.25824	860.2458	21.250004	1625000	7.247925e-09	47225.273	-0.0071280655	-19190.451	0.53956294	0.018065576	0.0948	6.0	1040.7281610965729
325	637.3542	442.08224	998.0	-1.0	52.083332	466.7355	254.11272	849.56006	-14.236626	1630000	-4.9591065e-09	50295.92	-0.005698652	-18251.678	0.3663471	0.019280033	0.1102	6.0	1043.464725971222
326	639.7407	444.61902	999.0	-1.0	45.99074	539.6415	240.66977	847.38574	-24.085896	1635000	-4.7683715e-09	44252.164	-0.0048271706	-14369.348	0.3358744	0.013604614	0.068	7.0	1046.2048697471619
327	692.175	427.70056	999.0	-1.0	41.608334	512.5561	263.32727	866.8242	-100.910194	1640000	7.152557e-09	49000.754	-0.010038786	-16422.76	0.3200887	0.01688108	0.096	13.0	1049.0636298656464
328	622.25	450.92374	999.0	-1.0	46.12037	554.5295	238.16832	848.6782	-24.743443	1645000	-3.2424927e-09	54262.344	-0.0072628735	-20966.875	0.29412535	0.0149867125	0.0962	7.0	1051.807693719864
329	666.7083	437.9567	999.0	-1.0	40.975	497.1957	268.77078	861.19977	-23.19551	1650000	2.7656555e-09	45289.29	-0.013693736	-16006.8125	0.30602074	0.015586124	0.1006	36.0	1055.0543329715729
330	746.06085	394.70938	998.0	-1.0	43.469566	567.2085	238.38034	858.542	1.8818846	1655000	-2.2888185e-09	52806.504	-0.015600192	-21780.773	0.35291117	0.013156055	0.0952	79.0	1059.5522978305817
331	741.12396	398.73163	999.0	-1.0	40.97521	576.3202	226.08978	866.40344	68.10476	1660000	1.2016296e-08	38784.49	-0.015857253	-16154.141	0.27483127	0.013246981	0.095	79.0	1063.0427100658417
332	753.2991	385.10873	999.0	-1.0	46.196262	599.1515	228.89313	864.47986	-36.119106	1665000	6.198883e-10	31189.023	-0.007636919	-10968.744	0.3435522	0.015659556	0.0784	13.0	1066.02965092659
333	698.3396	419.8461	993.0	-1.0	47.132076	569.9907	234.78215	841.1304	-32.278694	1670000	3.8146972e-10	53258.566	-0.015280969	-17395.688	0.36532912	0.012549552	0.1012	79.0	1069.4742410182953
334	680.2232	431.69452	999.0	-1.0	43.973213	512.1358	249.77148	840.3073	-27.963848	1675000	7.05719e-09	37607.98	-0.013918779	-9770.32	0.2985923	0.015275458	0.0924	37.0	1072.7991359233856
335	674.2593	426.49783	998.0	-1.0	61.444443	461.65466	256.53125	842.13873	-3.3597107	1680000	-1.039505e-08	44503.08	-0.0110711325	-16809.695	0.46379015	0.016015848	0.1202	26.0	1075.6432137489319
336	635.30273	447.7135	999.0	-1.0	45.55963	490.8682	247.53543	836.3087	-30.184689	1685000	1.335144e-09	48407.3	-0.004799145	-8496.656	0.30334848	0.013468192	0.0584	6.0	1078.4499959945679
337	697.34784	425.16217	999.0	-1.0	43.252174	508.9257	261.4838	836.2777	-13.558449	1690000	-1.8596649e-09	39022.934	-0.0125892395	-7896.9883	0.34057596	0.015423355	0.1042	69.0	1081.7114198207855
338	671.47656	437.70468	999.0	-1.0	39.0	547.9362	265.2636	856.81433	-76.73609	1695000	1.7166137e-09	47378.38	-0.0077906293	-12765.258	0.3446971	0.017022245	0.0746	18.0	1084.6981377601624
339	710.5877	416.57852	997.0	-1.0	43.114037	538.7083	253.97481	848.61505	-24.210777	1700000	-1.5830993e-08	44908.56	-0.009174599	-12931.971	0.28423348	0.016750775	0.078	17.0	1087.589763879776
340	636.50964	445.18112	995.0	-1.0	47.384617	535.4765	253.1533	858.6235	21.339968	1705000	1.1348725e-08	51576.973	-0.017068	-17269.816	0.35970724	0.015706787	0.1014	71.0	1091.5424687862396
341	701.55054	415.92804	999.0	-1.0	56.08989	466.03265	250.4243	848.2473	6.902728	1710000	1.0490417e-09	45097.004	-0.010586226	-17251.46	0.4072935	0.015983844	0.0888	15.0	1094.4655809402466
342	730.8614	398.71072	997.0	-1.0	48.70297	537.04626	257.35867	848.77106	55.063076	1715000	9.441376e-09	40180.98	-0.0028096894	-13461.182	0.36278635	0.005973759	0.0412	2.0	1097.222490787506
343	722.5446	408.82928	996.0	-1.0	44.142857	538.67505	230.83105	848.66376	45.462505	1720000	-1.411438e-08	43879.32	-0.013591274	-13426.699	0.3369627	0.014371948	0.1184	59.0	1100.3674910068512
344	573.8899	465.38495	997.0	-1.0	45.72477	528.4083	233.45381	862.3809	-17.843544	1725000	-1.2159347e-08	67574.7	-0.014909317	-29140.07	0.4065053	0.01209228	0.1026	79.0	1103.6961469650269
345	660.62	434.2969	998.0	-1.0	49.5	511.43475	262.9608	866.3957	-39.974377	1730000	-9.727478e-09	50412.66	-0.0043610735	-16675.426	0.39977795	0.015836127	0.1198	6.0	1106.6610419750214
346	623.0833	451.45218	997.0	-1.0	46.166668	487.6722	226.65195	864.80566	55.249165	1735000	4.005432e-09	67315.27	-0.013176126	-29528.574	0.3689441	0.0150125595	0.0784	33.0	1109.9225327968597
347	639.8932	441.00134	999.0	-1.0	48.37864	520.4133	242.47017	850.26843	65.54809	1740000	-9.536744e-10	45031.426	-0.012147248	-14736.236	0.3514748	0.016323287	0.1014	27.0	1113.5892360210419
348	672.824	437.81003	999.0	-1.0	38.176	553.1749	239.13942	851.88464	27.468842	1745000	-6.556511e-09	49521.812	-0.002659472	-14740.832	0.3647945	0.013558751	0.098	13.0	1117.1164360046387
349	680.79614	428.15073	999.0	-1.0	47.252426	506.1147	246.93205	851.9362	78.27428	1750000	-4.196167e-09	36988.92	-0.0036601613	-10047.332	0.34145546	0.0052761254	0.0356	1.0	1120.2024629116058
350	734.72815	396.21408	998.0	-1.0	48.39806	531.9264	256.11472	841.4399	54.13374	1755000	6.866455e-09	42358.24	0.003991214	-10884.99	0.3503313	0.01684559	0.1244	1.0	1123.8507227897644
351	708.9612	413.60858	999.0	-1.0	48.126213	530.979	237.14449	865.5052	52.046684	1760000	9.250641e-09	51902.152	-0.004091872	-15722.887	0.37700668	0.010779471	0.1134	7.0	1126.9457519054413
352	671.4248	432.8614	998.0	-1.0	43.672565	550.8619	207.69676	850.6035	66.28619	1765000	1.4305114e-08	38328.45	-0.0037091032	-10348.098	0.29859674	0.01574728	0.1026	7.0	1129.8565487861633
353	718.85455	411.59583	997.0	-1.0	45.19091	518.83	234.53137	849.42914	43.67308	1770000	-1.6212464e-09	57182.38	-0.010453876	-24438.729	0.294376	0.01488399	0.084	33.0	1132.8249249458313
354	655.27966	444.3185	997.0	-1.0	41.677967	510.9996	271.193	855.0003	14.908043	1775000	1.4591217e-08	57520.812	-0.005311143	-22906.66	0.34433287	0.014982599	0.098	8.0	1136.1952488422394
355	631.6381	448.19333	997.0	-1.0	47.27619	540.4311	260.53934	851.79584	15.86333	1780000	0.0	64243.832	-0.0014309671	-27743.836	0.31662676	0.01665753	0.0938	6.0	1139.5075719356537
356	719.87036	407.00446	996.0	-1.0	45.86111	496.58505	243.5334	843.163	35.488205	1785000	-1.5068053e-08	40439.195	-0.013536957	-16076.707	0.27285874	0.009524217	0.0746	79.0	1142.742444038391
357	645.0625	445.4544	988.0	-1.0	44.544643	557.51416	242.08574	860.0008	21.94044	1790000	2.5749207e-08	60396.61	-0.010396502	-15172.484	0.325504	0.014963697	0.095	19.0	1145.5150327682495
358	683.0204	422.60147	999.0	-1.0	50.22449	510.1202	248.96172	846.3285	-19.31784	1795000	-6.4849854e-09	49019.277	-0.008003475	-9223.344	0.32239532	0.016514136	0.0928	14.0	1148.2348918914795
359	708.17755	412.99744	993.0	-1.0	46.457943	550.8258	208.08797	849.8689	-4.053829	1800000	1.5306473e-08	41142.37	-0.008907249	-7964.367	0.3248564	0.014691422	0.0876	19.0	1151.0396468639374
360	749.8947	388.92352	998.0	-1.0	43.596493	565.1117	220.76671	837.05206	11.758916	1805000	-5.9604646e-09	44971.2	-0.013858411	-16524.438	0.30811575	0.010989601	0.0802	79.0	1155.1629569530487
361	676.05835	435.18527	999.0	-1.0	41.108334	613.2108	199.23491	853.8594	177.26434	1810000	8.201599e-09	64769.42	-0.012788682	-20833.82	0.258894	0.014492189	0.0934	79.0	1158.4583497047424
362	586.06085	462.96484	998.0	-1.0	43.13913	513.0457	239.75777	838.25964	119.951866	1815000	2.5272369e-09	63936.945	-0.016514558	-18780.531	0.30577412	0.014689257	0.099	37.0	1161.4261519908905
363	646.2054	446.26416	999.0	-1.0	44.625	466.26935	260.19897	839.9325	25.608465	1820000	-7.4386595e-09	59655.96	-0.0059881867	-16570.012	0.33395842	0.01990329	0.0776	8.0	1164.358964920044
364	673.1579	431.1096	998.0	-1.0	43.622807	542.3287	244.98984	838.7247	11.338925	1825000	4.196167e-09	39263.234	-0.0068378467	-9374.953	0.27979577	0.016612977	0.078	11.0	1167.3369207382202
365	717.8595	413.7117	999.0	-1.0	40.96694	570.7271	211.90291	826.1214	-109.300964	1830000	3.3187867e-08	47418.824	-0.01522586	-9554.691	0.33472005	0.014192077	0.1018	79.0	1170.8484086990356
366	582.2683	467.12958	999.0	-1.0	40.13821	504.17334	262.45398	856.6853	-49.938484	1835000	-1.03473665e-08	45874.36	-0.006887588	-14618.859	0.2974835	0.01637897	0.0846	11.0	1173.6039381027222
367	655.58405	440.54144	999.0	-1.0	44.0177	518.1697	256.62155	855.57855	13.417428	1840000	-7.629395e-09	52564.188	-0.007607657	-13444.672	0.27472627	0.015247395	0.0822	19.0	1176.5596108436584
368	771.1869	372.20346	999.0	-1.0	46.542057	549.0193	245.4942	846.95654	-27.953873	1845000	-3.0994416e-09	48329.223	-0.011527257	-19273.094	0.34075463	0.009795863	0.1046	79.0	1179.7758779525757
369	625.3211	449.97836	998.0	-1.0	45.568806	538.66864	220.78766	841.42035	-2.08216	1850000	-5.912781e-09	39908.527	-0.0052522705	-14007.486	0.3566289	0.014327558	0.0886	5.0	1182.6487460136414
370	663.64655	437.74747	997.0	-1.0	42.844826	525.5657	277.96744	841.73645	-3.5439034	1855000	-1.6021728e-08	58978.777	-0.0047078254	-18837.46	0.3205337	0.018224286	0.0872	10.0	1186.2957389354706
371	636.7944	445.37656	998.0	-1.0	46.719627	521.3328	242.9627	838.4257	13.859431	1860000	-2.861023e-09	52182.277	-0.009701499	-13790.82	0.2853618	0.014530646	0.0918	14.0	1189.2409567832947
372	683.4775	426.71616	995.0	-1.0	45.036037	558.1602	238.08035	837.50446	49.462982	1865000	-5.340576e-09	43328.363	-0.0071088388	-15794.262	0.33134833	0.018163051	0.0784	9.0	1192.0397109985352
373	695.03705	422.45227	998.0	-1.0	46.083332	527.1337	246.63243	828.9939	58.934784	1870000	-1.5497207e-08	49489.113	-0.0058083264	-14347.988	0.27797475	0.019414945	0.0938	4.0	1194.7608399391174
374	736.85583	398.7951	998.0	-1.0	44.846848	578.6379	227.92638	838.0842	4.981509	1875000	7.4386595e-09	52844.56	-0.0077068997	-9950.828	0.30970106	0.013357784	0.0936	24.0	1197.6046328544617
375	713.0714	413.1829	999.0	-1.0	44.517857	563.16	216.69395	835.1399	72.83664	1880000	-1.3256073e-08	41220.29	-0.013430635	-9785.211	0.28403053	0.009740891	0.0788	79.0	1200.731321811676
376	663.78687	439.39938	999.0	-1.0	40.909836	535.7399	235.53323	824.46405	26.909	1885000	5.912781e-09	51663.297	-0.014538904	-14232.492	0.30494708	0.012104805	0.084	79.0	1203.8667719364166
377	655.99066	439.54434	999.0	-1.0	46.40187	551.01355	241.80595	822.7185	54.9283	1890000	8.869171e-09	51884.664	-0.013835847	-13694.707	0.29127237	0.0118756285	0.099	79.0	1207.040514945984
378	700.5877	420.1225	999.0	-1.0	43.41228	526.0651	256.049	822.34393	29.631805	1895000	2.7656555e-09	40249.69	-0.011816737	-15452.461	0.32940295	0.01577097	0.0902	23.0	1210.3055911064148
379	673.5047	431.75165	998.0	-1.0	46.654205	493.3272	251.3289	833.423	-9.56413	1900000	3.528595e-09	62998.195	-0.011321787	-24382.586	0.3395009	0.014731874	0.0762	18.0	1213.3056318759918
380	645.7248	445.5427	999.0	-1.0	45.51376	516.1392	237.30115	827.6534	25.010395	1905000	2.193451e-09	55865.664	-0.00725823	-16733.586	0.32896483	0.015895607	0.0892	8.0	1217.4520609378815
381	657.34186	439.74063	999.0	-1.0	42.68376	541.7308	233.98569	841.9653	50.694626	1910000	-1.1014938e-08	53736.293	-0.0052818675	-16330.426	0.30235544	0.017944634	0.0976	12.0	1220.4592440128326
382	763.2087	382.88138	998.0	-1.0	43.36522	572.1304	234.10123	829.5578	26.475716	1915000	3.0517577e-09	53084.305	-0.0058548828	-18775.004	0.3045313	0.018063826	0.0926	7.0	1223.292495727539
383	648.9907	441.21823	997.0	-1.0	46.148148	560.3436	222.45961	844.1828	64.50238	1920000	-7.820129e-09	58440.69	-0.015448534	-22913.004	0.29869258	0.015400091	0.1108	63.0	1226.2864940166473
384	698.7241	423.4624	998.0	-1.0	42.87069	520.0547	260.1056	849.31573	27.068022	1925000	-3.9100647e-09	62473.934	-0.016781649	-25184.258	0.2737988	0.008905414	0.09	79.0	1229.4255859851837
385	776.2137	375.16013	999.0	-1.0	42.333332	556.1044	230.75798	835.7604	3.8078508	1930000	-2.861023e-10	54276.69	-0.010297139	-21111.316	0.28905204	0.014847163	0.0914	24.0	1232.2427167892456
386	631.04675	450.88992	994.0	-1.0	46.682243	530.2519	217.9968	884.05255	1.2336788	1935000	-4.196167e-09	69399.805	-0.004922279	-23926.05	0.34144017	0.018778265	0.1144	4.0	1234.9818019866943
387	697.51263	424.84555	999.0	-1.0	41.60504	507.7237	250.19743	888.6032	-12.290615	1940000	9.822846e-09	45317.195	-0.008151763	-14203.66	0.34162483	0.017419778	0.1344	26.0	1238.0411608219147
388	687.5224	433.82578	999.0	-1.0	37.044777	540.3278	253.02507	887.4688	-30.644407	1945000	-3.4332275e-09	49923.918	-0.01720926	-14172.133	0.31063086	0.012841215	0.1026	79.0	1241.9633316993713
389	671.2101	434.7538	996.0	-1.0	41.672268	527.4444	277.90726	886.7855	-9.472041	1950000	-9.727478e-09	43643.465	-0.012472442	-14386.248	0.30110642	0.01690412	0.0958	32.0	1245.107628107071
390	668.4643	433.79025	999.0	-1.0	44.598213	534.7153	268.76758	870.6853	-35.533543	1955000	1.6212464e-08	59784.32	-0.006368489	-24510.176	0.3358868	0.01619822	0.0908	10.0	1249.2388668060303
391	729.6126	404.95807	999.0	-1.0	44.477478	570.9455	214.44643	860.57074	49.95436	1960000	2.2315978e-08	42774.945	-0.013355923	-9775.469	0.28878585	0.014864444	0.0916	42.0	1252.4816589355469
392	636.04675	444.99878	997.0	-1.0	46.214954	556.4574	239.21664	866.4166	9.321122	1965000	-9.918213e-09	41949.832	-0.014444429	-8765.387	0.34200576	0.010905931	0.1012	79.0	1256.2027809619904
393	655.8131	439.71008	999.0	-1.0	46.504673	498.78644	260.04855	868.3754	30.604492	1970000	-7.820129e-09	48515.71	-0.0066042785	-12092.973	0.32677397	0.013686068	0.095	6.0	1259.3990619182587
394	715.1383	409.88907	995.0	-1.0	53.01064	483.38916	254.53505	866.12067	-16.597595	1975000	-1.0967255e-08	50119.113	-0.003015803	-16429.754	0.3750848	0.015541041	0.111	4.0	1262.3014500141144
395	691.62933	428.31506	996.0	-1.0	42.853447	524.9339	267.44763	886.69556	3.4499092	1980000	6.3896177e-09	58671.527	-0.0044046817	-21222.191	0.38116962	0.014568234	0.0864	4.0	1265.5753200054169
396	699.4912	420.0801	998.0	-1.0	43.649124	521.5	281.16693	887.33704	-42.527138	1985000	8.773804e-09	42212.02	-0.008696391	-16220.795	0.3373559	0.009717231	0.112	23.0	1268.957487821579
397	748.5172	393.72217	998.0	-1.0	42.87069	608.6063	198.95375	887.09344	-2.8384562	1990000	7.6293943e-10	47078.477	-0.004803337	-18589.139	0.30114433	0.018957807	0.1022	5.0	1271.99609708786
398	644.00946	444.2623	999.0	-1.0	47.150944	514.3298	250.65973	888.7298	3.084588	1995000	7.820129e-09	59851.18	-0.0072931033	-22431.7	0.3961291	0.014250815	0.0972	11.0	1274.9624319076538
399	661.1696	437.8206	996.0	-1.0	44.30357	511.1067	262.47284	882.51544	-1.109004	2000000	-1.0967255e-08	51467.855	-0.016816322	-19807.96	0.30890626	0.015015451	0.1042	79.0	1278.158047914505
400	619.4309	455.51117	999.0	-1.0	40.260162	558.7581	225.7335	885.85785	23.582779	2005000	-7.05719e-09	45233.965	-0.0052302238	-10686.754	0.3560346	0.018341107	0.1012	7.0	1281.7393119335175
401	733.0	397.23328	998.0	-1.0	48.82353	543.3655	268.80084	883.309	-26.704868	2010000	2.4795532e-09	50472.8	-0.008092324	-16272.465	0.32031417	0.018272527	0.1022	10.0	1284.5701780319214
402	701.1525	420.0504	999.0	-1.0	42.31356	566.6415	218.7422	896.3726	22.295723	2015000	9.059906e-09	37803.25	-0.0052946303	-10903.922	0.33996436	0.018645147	0.0916	9.0	1287.525335073471
403	635.9375	448.0757	998.0	-1.0	44.375	583.9108	225.49069	879.11456	85.8427	2020000	1.7166137e-09	55444.6	-0.0070510074	-20379.965	0.34470725	0.016147314	0.0924	11.0	1290.3645787239075
404	717.1121	408.08868	998.0	-1.0	46.71028	493.874	275.73438	864.068	-8.101233	2025000	2.0122528e-08	44523.86	-0.004747199	-14393.322	0.3281456	0.01934267	0.1166	5.0	1293.0707499980927
405	656.94543	440.83792	998.0	-1.0	45.409092	546.8387	237.12167	864.38104	94.00287	2030000	1.3923645e-08	50407.73	-0.0058809933	-14461.848	0.35172978	0.019221544	0.0898	6.0	1295.7961659431458
406	647.4836	445.28394	999.0	-1.0	40.967213	534.77606	261.97903	862.443	29.474363	2035000	7.247925e-09	48469.523	-0.015126074	-11888.9375	0.3388541	0.015107066	0.0994	41.0	1298.726058959961
407	769.4636	375.34537	999.0	-1.0	44.78182	558.33	241.082	842.66284	82.020195	2040000	-4.1007997e-09	33268.57	-0.013215102	-11910.947	0.3189384	0.011085575	0.086	79.0	1301.8918209075928
408	631.5042	450.70456	994.0	-1.0	41.73109	565.1	235.23213	849.7159	85.04877	2045000	7.152557e-09	55662.54	-0.01159614	-18411.465	0.32030728	0.015260378	0.1022	21.0	1304.872181892395
409	667.1982	435.42645	998.0	-1.0	44.945946	550.29474	235.11775	865.0188	29.907112	2050000	-1.6212464e-08	58909.21	-0.0058454582	-25331.484	0.31003287	0.02113152	0.0956	4.0	1307.5620639324188
410	664.42725	436.63443	995.0	-1.0	44.51818	502.71896	271.94113	862.7925	65.495514	2055000	1.9073486e-10	44090.332	-0.013796256	-12727.912	0.31515902	0.012466926	0.0908	79.0	1311.5828931331635
411	627.2385	451.28763	997.0	-1.0	45.697247	539.9853	248.08203	851.73083	96.269455	2060000	2.2315978e-08	68333.47	-0.012453512	-30180.172	0.31805003	0.015387224	0.0926	63.0	1314.7354679107666
412	633.6126	449.32327	999.0	-1.0	44.162163	503.6122	254.43617	867.4772	-2.70819	2065000	2.7132034e-08	55129.676	-0.018216934	-8261.012	0.28505087	0.013937054	0.1222	79.0	1317.9822390079498
413	703.6953	424.51	998.0	-1.0	38.992188	534.0548	251.72783	868.5822	-11.284618	2070000	1.8167496e-08	46697.69	-0.011796457	-12666.094	0.2745667	0.011537092	0.0878	79.0	1321.2404389381409
414	611.52136	459.05774	998.0	-1.0	42.333332	505.8965	282.89908	877.60876	-67.17879	2075000	-3.4332275e-09	69670.88	-0.006214562	-24696.465	0.31784862	0.0117973145	0.0978	7.0	1324.027067899704
415	651.8716	440.4584	999.0	-1.0	45.80734	492.5875	274.7486	870.3084	-6.180583	2080000	7.247925e-09	48554.945	-0.014828826	-13978.543	0.3231869	0.01213447	0.0976	79.0	1327.2378261089325
416	598.3664	463.78372	998.0	-1.0	37.908398	518.2047	259.98297	856.68176	-44.573494	2085000	-4.7683715e-09	50288.47	-0.006477264	-12073.863	0.28284615	0.018412344	0.081	12.0	1330.142098903656
417	610.1607	456.2166	994.0	-1.0	44.232143	485.8987	284.95993	859.2534	-38.144157	2090000	8.869171e-09	46704.18	-0.009230424	-11845.828	0.30186376	0.01557061	0.0804	21.0	1332.9878408908844
418	722.4956	406.13187	999.0	-1.0	43.734512	542.5983	262.78308	861.26874	0.5207443	2095000	-8.9645384e-09	42419.207	-0.011326834	-16735.203	0.30275494	0.01612268	0.0892	19.0	1335.79039478302
419	714.62604	416.06775	999.0	-1.0	40.479675	591.14374	227.63177	865.4885	69.16295	2100000	6.4849854e-09	42861.24	-0.0076967245	-13265.533	0.300586	0.014409885	0.1004	12.0	1338.5700957775116
420	652.13007	445.76807	998.0	-1.0	40.593494	558.8307	239.43126	866.0636	16.51514	2105000	1.373291e-08	57414.223	-0.006363825	-25828.564	0.28762433	0.014769776	0.0758	6.0	1342.408493757248
421	630.1574	447.02676	999.0	-1.0	46.296295	506.889	279.5057	866.60535	-2.0502472	2110000	-5.531311e-09	53928.23	-0.015536228	-20402.418	0.29266346	0.015370323	0.0962	56.0	1345.7158498764038
422	626.21875	454.60742	998.0	-1.0	38.507812	520.3978	242.47351	867.9336	-20.903378	2115000	2.6893616e-08	45977.453	-0.0119780945	-18866.414	0.29265386	0.015074225	0.0756	38.0	1349.5466129779816
423	662.6923	443.05667	998.0	-1.0	38.215385	520.1636	278.7929	870.2238	3.4893284	2120000	1.07288365e-08	49877.902	-0.00592246	-13071.977	0.31886274	0.013894368	0.0812	7.0	1353.066493988037
424	694.2066	426.56168	999.0	-1.0	40.917355	540.66504	248.04147	867.9485	33.791687	2125000	-5.722046e-09	45249.355	-0.014188367	-14492.984	0.26290873	0.016101262	0.1106	78.0	1356.8624649047852
425	678.5446	430.66824	991.0	-1.0	44.401787	556.6036	249.9756	875.8438	17.096077	2130000	-6.6757204e-09	41778.38	0.0016691646	-8539.875	0.2936442	0.034745157	0.0676	1.0	1359.9989578723907
426	715.35	414.48172	998.0	-1.0	41.116665	555.9415	242.61781	871.3632	-33.426643	2135000	8.296967e-09	44215.816	-0.0032010265	-10542.652	0.27214143	0.021195764	0.1112	6.0	1363.1778078079224
427	698.38055	421.1524	996.0	-1.0	44.221237	566.72986	243.18227	870.89087	30.139355	2140000	-5.0544737e-09	58280.152	-0.014447645	-15455.836	0.24507026	0.014132837	0.093	79.0	1366.548467874527
428	689.5273	423.75482	998.0	-1.0	45.345455	571.6205	219.40222	867.917	120.38652	2145000	1.1658669e-08	49434.184	-0.0070544267	-16583.566	0.31420028	0.014685872	0.0812	12.0	1369.3601469993591
429	661.678	439.8302	999.0	-1.0	41.949154	536.2707	233.89026	851.3102	76.52282	2150000	-4.386902e-09	51608.344	-0.0054024477	-13429.281	0.26858848	0.01953635	0.0894	8.0	1372.1545457839966
430	685.7458	428.66776	999.0	-1.0	41.957626	563.3583	220.17525	860.3109	46.522823	2155000	-7.6293943e-10	38275.496	-0.0065713003	-8743.34	0.29831856	0.016518155	0.0884	16.0	1376.0683090686798
431	712.2773	414.96375	998.0	-1.0	41.663864	559.9253	229.01932	878.67596	84.32208	2160000	-1.4305115e-09	51407.33	-0.014646516	-16429.02	0.24067076	0.015564225	0.0854	62.0	1379.776298046112
432	678.69904	426.63766	999.0	-1.0	48.475727	525.254	240.45757	869.29895	47.352524	2165000	3.0517577e-09	43899.74	-0.007365491	-8739.941	0.28762403	0.016369889	0.0678	8.0	1383.108381986618
433	712.7059	415.21994	998.0	-1.0	41.991596	568.3115	225.22183	868.44946	51.417225	2170000	1.3351441e-08	50120.082	-0.005992433	-11891.332	0.27198398	0.01634721	0.0782	10.0	1386.0147898197174
434	730.1827	401.34012	998.0	-1.0	47.451923	564.0358	224.76753	863.8815	53.991024	2175000	1.6498566e-08	42881.14	-0.00697756	-14827.186	0.32721865	0.018663088	0.0762	6.0	1388.7976367473602
435	691.35834	427.04172	998.0	-1.0	41.541668	578.0117	226.18922	852.41077	-11.975988	2180000	-1.1825562e-08	51908.04	-0.015558904	-11644.211	0.2673309	0.013500195	0.0898	79.0	1392.0524489879608
436	722.63794	409.01178	997.0	-1.0	42.939655	561.6841	238.92233	830.48486	51.95344	2185000	1.6403199e-08	52898.36	-0.015686342	-14023.23	0.3193958	0.013217082	0.1054	79.0	1395.2106778621674
437	682.5047	427.5978	997.0	-1.0	46.672897	538.4085	219.66232	830.8885	111.6793	2190000	3.8146974e-09	39493.53	-0.0069291634	-15237.086	0.3013252	0.015235611	0.0708	10.0	1397.9179940223694
438	742.094	397.93365	997.0	-1.0	42.692307	583.51306	227.74959	838.7344	-21.600098	2195000	-4.196167e-09	51600.47	-0.009912192	-14397.895	0.32512626	0.014078418	0.0928	22.0	1400.6950430870056
439	748.125	394.9057	999.0	-1.0	41.633335	567.7951	233.91147	873.2869	30.741745	2200000	-4.196167e-09	41787.285	-0.0062369546	-11753.135	0.31538525	0.01651383	0.0862	7.0	1403.416908979416
440	696.5268	422.86862	999.0	-1.0	44.642857	577.1463	237.57498	882.0453	78.30308	2205000	-6.4849854e-09	42486.566	-0.014786554	-14813.891	0.28420544	0.014412017	0.0872	79.0	1407.654818058014
441	654.1828	431.5059	994.0	-1.0	52.88172	491.953	258.95844	874.4247	-25.499886	2210000	1.335144e-09	49771.934	-0.0062080543	-16126.898	0.29605466	0.011295157	0.0734	8.0	1410.8332138061523
442	633.3361	452.00818	999.0	-1.0	41.42857	548.2298	231.64328	871.31165	28.078247	2215000	7.724762e-09	59677.926	-0.004761088	-19255.422	0.29081178	0.02101329	0.1138	5.0	1413.8316769599915
443	653.2679	442.63757	999.0	-1.0	43.669643	526.3876	233.89758	861.04095	20.898684	2220000	9.059906e-10	44289.695	-0.01452862	-16594.021	0.35158068	0.01197131	0.0884	79.0	1417.179919719696
444	668.6852	435.31256	992.0	-1.0	46.212963	489.3335	274.43616	837.7192	-141.1693	2225000	1.01089475e-08	56889.332	-0.012510607	-21935.027	0.30871361	0.014888706	0.107	71.0	1420.7047939300537
445	677.0278	431.65176	998.0	-1.0	45.796295	534.5596	250.02628	856.8074	-53.201813	2230000	2.7656555e-09	51242.133	-0.015005267	-19696.068	0.34510157	0.014936643	0.105	77.0	1424.4648869037628
446	651.2551	434.01004	998.0	-1.0	50.89796	549.32416	249.025	874.69434	46.61578	2235000	3.4332275e-09	70759.31	-0.015395005	-31917.172	0.33901206	0.015130707	0.1014	53.0	1427.8168020248413
447	718.75726	408.40106	993.0	-1.0	47.563107	531.7857	230.58623	818.7289	-35.884827	2240000	6.2346457e-09	57195.098	-0.005028329	-26662.545	0.2955341	0.0132272905	0.0738	5.0	1430.6988637447357
448	679.3909	427.2838	997.0	-1.0	45.345455	522.2624	240.77577	829.5036	44.200542	2245000	-1.1968613e-08	43732.133	7.899871e-05	-18919.12	0.32117978	0.020686138	0.077	4.0	1433.9089348316193
449	633.5377	447.16074	997.0	-1.0	46.5	556.2174	227.92639	852.2575	-38.021973	2250000	-5.4359437e-09	68165.86	-0.0075534354	-26814.71	0.3405927	0.018674297	0.0676	8.0	1437.2034118175507
450	632.09485	451.33234	999.0	-1.0	42.956898	534.8034	242.9326	874.76105	-38.838406	2255000	1.3327599e-08	56892.008	-0.015511714	-18603.023	0.34417623	0.013053029	0.0988	79.0	1441.3155179023743
451	670.823	432.8667	999.0	-1.0	44.00885	534.5352	267.48196	872.0957	6.0517197	2260000	0.0	61080.35	-0.0032341254	-27691.71	0.30294013	0.017773703	0.0644	4.0	1444.1509919166565
452	630.3925	450.8711	999.0	-1.0	46.48598	546.7382	214.93172	862.0138	-24.331701	2265000	-5.38826e-09	71651.766	-0.0026196055	-36721.29	0.3794047	0.018226814	0.0742	2.0	1446.969496011734
453	623.2066	455.78253	999.0	-1.0	40.727272	480.62024	287.76068	845.3846	-18.232887	2270000	4.4345856e-09	56379.66	-0.002699092	-16456.453	0.28541294	0.022514356	0.1172	5.0	1449.8052039146423
454	675.0965	432.41006	999.0	-1.0	43.842106	526.3673	242.81416	848.1683	-7.539629	2275000	-9.441376e-09	56767.57	-0.0024170799	-13520.172	0.25220543	0.021400193	0.0852	6.0	1452.497535943985
455	659.12	433.4638	996.0	-1.0	49.69	484.1488	243.97273	843.84973	-20.867931	2280000	5.531311e-09	46943.543	-0.00073377835	-15688.01	0.31419444	0.009446247	0.0714	2.0	1455.452517747879
456	705.81134	414.94296	999.0	-1.0	47.160378	555.8852	217.65132	838.28864	39.911472	2285000	-9.918213e-09	57883.566	0.0017882648	-25521.16	0.29241842	0.027959576	0.1068	3.0	1458.4694757461548
457	629.51	445.70847	998.0	-1.0	49.63	524.2153	241.11125	824.06	0.4874897	2290000	-2.5248527e-08	47622.996	0.013953071	-17646.074	0.28586268	0.10724611	0.079	1.0	1461.5529317855835
458	711.11206	421.2094	998.0	-1.0	42.37931	493.4116	270.86966	818.7255	-47.990143	2295000	1.6880035e-08	50684.04	6.262178e-05	-30761.682	0.24533735	0.011365937	0.072	3.0	1464.7459678649902
459	691.58185	425.79987	997.0	-1.0	45.363636	487.1318	295.30783	820.429	-34.04384	2300000	-1.9073486e-10	58985.867	-0.002701055	-23892.062	0.29729736	0.022412889	0.086	3.0	1467.4914197921753
460	679.1356	433.43665	996.0	-1.0	42.01695	523.82294	253.89359	833.1666	-56.75267	2305000	8.702278e-09	42886.92	-0.018238392	-12568.234	0.27044877	0.013435791	0.0944	79.0	1472.227616071701
461	720.8305	412.7906	997.0	-1.0	42.084747	547.9634	255.47626	852.90344	-83.42575	2310000	-1.0681152e-08	39369.586	-0.012249796	-17732.816	0.26747334	0.0148852905	0.0842	38.0	1475.423612833023
462	592.05505	461.13602	999.0	-1.0	45.321102	491.6143	295.46356	852.1008	-49.16641	2315000	1.3256073e-08	49352.035	-0.0058669783	-18957.297	0.26880473	0.016936745	0.0586	7.0	1478.3113567829132
463	686.6518	426.14325	997.0	-1.0	44.3125	513.842	280.60776	849.4992	-92.36485	2320000	-2.3460387e-08	35660.754	-0.0044824034	-12595.65	0.26805538	0.018566845	0.09	10.0	1481.5350689888
464	642.9732	443.9545	997.0	-1.0	44.267857	553.07196	248.4716	855.1821	-35.470753	2325000	1.01089475e-08	42110.027	-0.014277359	-11096.369	0.2803537	0.014982467	0.0916	60.0	1485.0909669399261
465	676.614	433.25613	998.0	-1.0	43.236843	541.3308	245.54897	855.3051	45.825607	2330000	-3.6239625e-09	36741.203	-0.012051156	-14169.531	0.29349044	0.017222522	0.1	24.0	1488.00998878479
466	696.0	420.6275	996.0	-1.0	45.862385	519.8157	286.27216	858.1372	-62.738235	2335000	-8.201599e-09	47657.32	-0.010660249	-18584.66	0.31529045	0.014581508	0.0948	38.0	1491.3617527484894
467	665.0	438.69608	997.0	-1.0	42.87931	564.85754	236.5803	852.0684	-16.07325	2340000	-7.6770785e-09	49370.668	0.0019631966	-18977.816	0.3218374	0.020421429	0.1256	3.0	1494.190302848816
468	638.8347	450.3066	998.0	-1.0	41.01653	528.1817	258.18094	843.0061	39.679142	2345000	-6.67572e-10	66030.22	-0.012959032	-21963.082	0.29128507	0.008796187	0.0868	79.0	1497.3339898586273
469	662.71075	441.03366	997.0	-1.0	40.900826	531.4785	252.03705	852.4809	66.70612	2350000	5.340576e-09	44058.605	-0.013965272	-14335.93	0.3240014	0.014155803	0.092	38.0	1500.3373539447784
470	667.69165	438.4808	997.0	-1.0	41.55	548.8806	256.73343	856.4597	16.930256	2355000	1.9073486e-08	60839.18	-0.012177358	-27111.121	0.30208766	0.013945336	0.086	45.0	1504.9774918556213
471	670.7059	434.29938	998.0	-1.0	41.68067	543.24	234.96498	859.71936	36.171196	2360000	1.3256073e-08	55153.523	-0.011104974	-25600.115	0.30993718	0.014918678	0.081	22.0	1508.9941339492798
472	685.2397	429.8145	998.0	-1.0	41.115704	565.60803	244.52919	860.0861	50.685226	2365000	6.008148e-09	39384.77	0.0002141326	-15841.793	0.2815337	0.014724024	0.0938	5.0	1512.7945437431335
473	711.14404	416.70282	998.0	-1.0	42.211864	573.91003	243.21155	884.1229	-6.790476	2370000	1.4972686e-08	44345.48	-0.012249772	-16028.609	0.29335925	0.01071704	0.0892	79.0	1517.6335308551788
474	687.09564	427.8857	999.0	-1.0	43.469566	564.8567	259.3931	890.0826	-30.881792	2375000	5.340576e-09	53970.016	-0.008489768	-25256.162	0.2771153	0.015339386	0.0736	18.0	1521.4459760189056
475	669.31305	435.27924	997.0	-1.0	43.373913	535.0308	263.1221	890.8205	-6.7258663	2380000	1.3256073e-08	43893.62	-0.011067627	-14180.732	0.3234097	0.016523095	0.09	34.0	1525.3214509487152
476	689.4224	426.9351	995.0	-1.0	42.63793	543.3607	260.66705	883.30615	14.261728	2385000	-9.536743e-09	34523.8	-0.008749439	-13521.467	0.32793656	0.016619872	0.0922	12.0	1529.0037429332733
477	753.5	390.23682	999.0	-1.0	43.7807	586.3057	254.57521	892.9689	73.632324	2390000	-1.0681152e-08	35741.414	-0.013831398	-12068.582	0.32855165	0.015412457	0.0956	38.0	1532.4613349437714
478	764.5234	379.33603	998.0	-1.0	46.495327	605.971	215.93951	893.626	39.25579	2395000	-2.0217895e-08	34834.84	-0.011981198	-13128.092	0.28518435	0.011088899	0.087	79.0	1536.6989340782166
479	637.7909	446.52695	999.0	-1.0	44.845455	556.1215	243.02988	894.9483	10.575557	2400000	-4.005432e-09	44823.22	-0.008471397	-16751.545	0.3429897	0.016646512	0.0986	15.0	1540.0995898246765
480	740.87604	398.51666	999.0	-1.0	40.94215	557.0864	258.5372	869.7708	4.005638	2405000	-6.4849854e-09	32965.1	-0.00079869194	-11791.852	0.28172508	0.0134126805	0.0964	6.0	1544.636193037033
481	714.05884	408.433	998.0	-1.0	48.784313	554.044	246.18341	879.52606	13.645524	2410000	9.727478e-09	42209.13	-0.010291628	-16689.957	0.28293192	0.013735402	0.081	24.0	1548.253336906433
482	648.46295	441.07645	997.0	-1.0	45.796295	543.01935	230.65273	894.36926	-14.428932	2415000	6.866455e-09	44035.117	-0.0005237505	-13015.604	0.3337117	0.016769882	0.0974	5.0	1552.2925608158112
483	633.2793	449.32184	999.0	-1.0	45.0	503.47546	267.6969	901.4642	60.782925	2420000	-9.155274e-09	47503.92	-0.0036928642	-21290.305	0.32930967	0.01901271	0.0696	7.0	1556.9263718128204
484	647.8	444.06818	999.0	-1.0	44.763638	524.1215	257.3288	885.9479	-32.157246	2425000	-1.1444092e-08	57052.43	-0.011581512	-29448.55	0.32263827	0.016015729	0.0988	24.0	1560.376678943634
485	724.47864	407.81012	998.0	-1.0	42.726494	551.892	243.73392	876.70386	-38.89152	2430000	-2.4795533e-08	48494.934	-0.012751592	-19249.355	0.33251104	0.022484452	0.0946	23.0	1563.6888048648834
486	692.3675	426.00974	994.0	-1.0	42.2906	564.5969	261.39188	882.5868	-28.454758	2435000	4.005432e-09	51216.19	-0.009315756	-19056.287	0.3186639	0.0147913955	0.102	47.0	1567.2348959445953
487	658.5439	439.75485	999.0	-1.0	43.710526	558.1803	246.65182	910.92053	-36.649776	2440000	-5.865097e-09	41962.38	-0.012184954	-21551.492	0.36415255	0.015167693	0.0888	31.0	1571.3232157230377
488	670.4854	431.6749	996.0	-1.0	48.37864	487.28836	276.45285	910.87555	-68.16154	2445000	-1.1253357e-08	45468.56	-0.0071905223	-12559.535	0.3355898	0.016736373	0.1086	6.0	1574.7515137195587
489	597.9174	456.69888	999.0	-1.0	45.844036	507.7549	266.63327	903.109	-53.10771	2450000	-1.1301041e-08	50613.484	-0.010812065	-13632.641	0.27867985	0.020045444	0.0854	27.0	1578.7378199100494
490	728.8217	411.20316	999.0	-1.0	38.5969	567.8361	243.52571	902.6025	20.121872	2455000	2.0980835e-09	41196.473	-0.012984591	-12514.965	0.2658633	0.01389518	0.0936	67.0	1584.4541919231415
491	645.6091	442.65503	999.0	-1.0	45.145454	546.1365	251.87457	905.5977	-60.10356	2460000	9.918213e-09	45776.68	-0.009962193	-18565.736	0.29784083	0.019533383	0.0696	41.0	1588.1341729164124
492	695.5051	422.6964	999.0	-1.0	51.237114	450.3343	277.81903	880.9592	-52.051987	2465000	2.336502e-08	46146.645	-0.013508003	-21470.68	0.3106703	0.01505303	0.0812	44.0	1591.9717817306519
493	668.1802	437.17612	998.0	-1.0	44.63063	514.4564	284.03168	898.9414	-29.863121	2470000	3.5762786e-09	46353.895	-0.008588828	-13338.258	0.28854313	0.019865159	0.0872	18.0	1595.647458076477
494	676.0887	434.1669	998.0	-1.0	40.153225	506.0712	277.46133	922.7438	-53.489517	2475000	-1.1444092e-09	32586.16	-0.007935892	-11280.102	0.29507944	0.015356353	0.0774	18.0	1599.640872001648
495	687.1478	428.1109	999.0	-1.0	42.93913	579.1613	238.45706	916.52026	-26.727234	2480000	1.9073486e-10	45197.613	-0.01571838	-21308.08	0.3120604	0.014372333	0.0992	45.0	1604.2276918888092
496	629.0593	451.86746	995.0	-1.0	41.864407	540.30634	259.80954	923.8048	-24.75639	2485000	6.1511995e-09	51121.203	-0.015267064	-21105.504	0.31645045	0.0146285985	0.1032	56.0	1608.922640800476
497	724.1132	404.6817	999.0	-1.0	46.83019	517.50604	267.3282	934.419	-23.194265	2490000	-2.0980835e-09	37673.6	-0.006031549	-12905.846	0.33707026	0.018370692	0.0718	9.0	1612.6710169315338
498	697.0582	420.98093	992.0	-1.0	48.08738	515.8546	281.205	870.9343	12.79576	2495000	1.9931793e-08	34567.535	-0.006387021	-10542.846	0.273475	0.016756523	0.1168	6.0	1616.5429179668427
499	651.0	436.61182	990.0	-1.0	57.310345	418.85934	309.31348	885.7816	2.5355415	2500000	5.912781e-09	44473.723	-0.002797157	-18850.389	0.29488936	0.004387706	0.0544	1.0	1620.6955080032349
