Epoch	AverageEpRet	StdEpRet	MaxEpRet	MinEpRet	EpLen	AverageVVals	StdVVals	MaxVVals	MinVVals	TotalEnvInteracts	LossPi	LossV	DeltaLossPi	DeltaLossV	Entropy	KL	ClipFrac	StopIter	Time
0	-25.2	45.36695	8.0	-114.0	1000.0	1.6270722	0.30983374	2.538714	1.0860832	5000	-1.27792354e-08	64.69927	-0.01309101	-44.884407	1.0746802	0.02094876	0.2918	3.0	2.7170050144195557
1	-11.0	29.407482	28.0	-60.0	1000.0	-2.2304173	3.131717	2.111197	-11.289608	10000	3.004074e-08	36.615158	-0.020309255	-21.205952	1.3067535	0.02419367	0.428	3.0	5.26829195022583
2	21.2	20.721003	50.0	-14.0	1000.0	-5.053187	4.9374094	8.0670805	-11.875442	15000	2.2411346e-09	90.515854	-0.011667217	-71.7074	1.1602417	0.020907702	0.4502	6.0	7.588786840438843
3	10.2	52.415264	83.0	-62.0	1000.0	1.2568262	3.577652	13.337301	-3.8866603	20000	-1.8692017e-08	31.493324	-0.009031416	-22.682472	1.1400977	0.01827738	0.2692	7.0	9.729506969451904
4	30.714285	37.991405	106.0	-20.0	676.5714	-3.0479805	6.770047	15.756225	-11.604248	25000	3.3569336e-08	93.70788	-0.012135913	-64.30839	1.2983797	0.018417412	0.2086	7.0	11.966777086257935
5	30.2	31.166649	64.0	-14.0	874.0	2.457572	4.5701513	12.648344	-7.978754	30000	-2.0980835e-08	55.645382	-0.016730908	-37.866867	1.2341552	0.020136975	0.4434	5.0	14.153353929519653
6	72.0	16.852299	89.0	41.0	827.0	0.2650682	2.8941178	10.988514	-5.540063	35000	5.0544738e-08	111.637474	-0.011690317	-74.3235	1.2081442	0.020745914	0.2914	8.0	16.20977210998535
7	28.11111	20.300215	46.0	-21.0	536.2222	11.534173	7.860461	20.72453	-2.7420042	40000	1.3637543e-08	166.3635	-0.0069318684	-146.35461	1.2412858	0.016531354	0.287	6.0	18.25245499610901
8	37.333332	16.75974	63.0	20.0	713.0	4.5533037	4.665011	14.9868355	-3.770672	45000	2.6893616e-08	47.31855	-0.019204646	-38.030186	1.151905	0.015501013	0.2784	50.0	20.533923149108887
9	30.333334	24.011572	62.0	-8.0	687.6667	7.959675	5.811775	20.671926	-6.1083994	50000	2.3841858e-08	80.78319	-0.024396308	-68.36054	1.2519152	0.012544084	0.2674	79.0	23.13311791419983
10	44.25	17.159182	76.0	21.0	541.875	5.3310294	6.692128	21.59091	-6.5395017	55000	-1.8310548e-08	46.0029	-0.015828503	-36.144325	1.2061123	0.017530885	0.3078	17.0	25.668461084365845
11	81.8	40.449474	138.0	47.0	813.2	4.345349	6.3237915	22.622166	-5.4734936	60000	-1.2588501e-08	73.7919	-0.0061083897	-49.151596	1.1761391	0.016703876	0.1812	5.0	27.691543102264404
12	47.375	27.069067	93.0	1.0	564.5	6.8490295	7.5890026	26.968025	-3.6537807	65000	-2.4795533e-08	87.298836	-0.011075225	-71.835846	1.1688504	0.01838	0.2106	6.0	29.774439811706543
13	58.6	22.508663	112.0	29.0	429.1	7.119483	8.6596985	30.699375	-12.368214	70000	5.912781e-09	41.772686	-0.017641256	-25.22184	1.1349376	0.015012503	0.197	69.0	32.24576210975647
14	59.285713	38.45485	123.0	20.0	692.7143	5.6963077	6.8974013	32.1383	-4.311705	75000	-7.629395e-09	47.191063	-0.008893933	-33.79642	1.1188822	0.016405853	0.2664	9.0	34.31842303276062
15	33.6	43.77488	120.0	4.0	1000.0	11.922182	8.014913	33.877712	-1.1866273	80000	2.6702882e-08	176.99425	-0.015549381	-158.12204	1.2439232	0.01038871	0.1262	79.0	36.67074990272522
16	62.0	42.821888	118.0	-2.0	625.0	3.7830243	8.983801	36.37243	-7.0254817	85000	-8.9645384e-09	29.978506	-0.008377788	-16.491486	1.187615	0.017921023	0.3694	6.0	38.617796897888184
17	67.2	36.5918	112.0	4.0	847.6	8.4387045	10.637469	38.745857	-6.6649375	90000	9.155274e-09	64.41185	-0.007237862	-53.513565	1.1365823	0.009338669	0.1614	9.0	40.56870985031128
18	61.375	38.467316	125.0	13.0	613.875	5.2431936	7.5925026	39.109825	-6.9400773	95000	3.7240984e-08	66.730034	-0.009700306	-48.89618	1.1558033	0.022839945	0.3502	5.0	42.52572178840637
19	51.272728	22.156841	103.0	17.0	439.36365	7.944035	9.304374	42.592926	-3.9223757	100000	-7.6293943e-10	55.756363	-0.015841719	-44.829155	1.1528516	0.015016257	0.2634	31.0	44.61008882522583
20	53.0	14.448183	74.0	34.0	612.875	9.85739	8.681374	40.41836	-1.1920807	105000	3.490448e-08	74.392715	-0.012771596	-61.1904	1.1128248	0.017104175	0.2242	14.0	46.87933588027954
21	95.2	13.9053955	109.0	75.0	819.8	5.7790747	10.071158	41.742264	-2.7912793	110000	3.7193297e-09	27.909962	-0.0146454135	-14.777259	1.0969529	0.0084360745	0.1282	79.0	49.29616594314575
22	58.0	31.520716	111.0	15.0	499.33334	11.344272	9.896509	42.87664	-0.16857037	115000	-2.1457673e-08	96.24835	-0.015590756	-85.41642	1.0814582	0.011982733	0.1702	79.0	51.761120080947876
23	39.666668	23.44971	82.0	10.0	686.3333	5.580834	5.8742323	43.357677	-1.4464194	120000	5.722046e-09	42.189095	-0.02152141	-32.78322	1.1571414	0.012126525	0.184	79.0	54.290087938308716
24	53.6	34.281773	126.0	17.0	431.8	7.744565	9.873949	45.338516	-0.9883256	125000	9.346008e-09	45.31702	-0.016328335	-36.115025	1.110559	0.015558962	0.202	46.0	56.55293273925781
25	27.8	26.270895	73.0	-6.0	807.0	8.223924	4.4655943	44.647152	0.97340214	130000	7.05719e-09	66.641365	-0.0056560263	-58.09652	1.0096527	0.0077920174	0.1386	5.0	58.49085783958435
26	46.714287	28.981346	91.0	1.0	648.8571	2.2614715	7.0324697	40.84872	-3.8862877	135000	-6.1035155e-09	41.576553	-0.005136638	-17.396746	1.0997441	0.018481715	0.2712	4.0	61.03636884689331
27	59.8	41.688847	144.0	7.0	445.7	1.5834922	7.414458	41.98277	-4.455847	140000	-6.022454e-08	57.28297	-0.006031422	-45.68268	1.07644	0.015562067	0.1666	7.0	63.190200090408325
28	75.2	32.02749	131.0	37.0	823.8	15.1083	9.4981985	47.714542	2.3133788	145000	-5.683899e-08	200.33862	-0.0070346263	-184.34889	1.0798266	0.020605551	0.1772	9.0	65.23030877113342
29	52.833332	28.98515	109.0	23.0	688.3333	4.002061	10.411539	45.743298	-4.2162747	150000	-1.3160705e-08	38.92807	-0.017709505	-30.745888	0.9757287	0.012009871	0.1614	79.0	67.63245797157288
30	52.0	35.68513	110.0	1.0	631.4286	2.0568	8.660471	45.69832	-2.430822	155000	-1.8119812e-09	20.511654	-0.005923955	-10.304906	1.1103508	0.018224524	0.2908	6.0	69.85626482963562
31	39.285713	22.217844	80.0	15.0	589.7143	4.1439133	6.688965	48.430992	-1.1537209	160000	2.6273728e-08	27.642643	-0.007479261	-20.43409	1.1441629	0.017157346	0.2034	12.0	71.88141989707947
32	37.125	8.680978	51.0	26.0	550.5	6.3252416	5.642305	40.86724	-1.509121	165000	1.1634826e-08	45.88258	-0.0037724443	-38.598885	1.0170636	0.017721472	0.181	2.0	73.84445691108704
33	49.18182	42.55439	148.0	14.0	417.81818	8.433354	10.04111	48.725376	-0.9246348	170000	1.525879e-08	63.083794	-0.017485684	-47.207455	1.1287088	0.012316725	0.1748	79.0	76.32501602172852
34	60.444443	43.073864	120.0	10.0	521.44446	8.7883415	9.61207	46.950825	-1.8063568	175000	-1.783371e-08	82.310616	-0.022216067	-67.96467	1.0601301	0.008565795	0.2202	79.0	78.73359394073486
35	54.625	43.60028	139.0	1.0	564.5	5.9270906	10.548048	51.28568	-3.451192	180000	-2.7656554e-08	31.792437	-0.012050198	-22.565454	1.0639954	0.0136183305	0.208	29.0	80.931804895401
36	55.9	23.813654	96.0	29.0	489.3	7.681057	10.623842	50.270428	-3.6783254	185000	-1.0299683e-08	66.25059	-0.0029616617	-53.353218	1.0939397	0.015638024	0.1822	3.0	82.87792110443115
37	38.545456	29.298973	71.0	-38.0	437.54544	4.7070937	9.244395	51.1789	-7.142764	190000	1.373291e-08	36.49365	-0.015417853	-27.715569	0.9974676	0.013800067	0.1882	79.0	85.21875405311584
38	44.125	30.41972	92.0	6.0	552.0	3.2788055	9.589337	52.150696	-1.4833839	195000	-1.7547608e-08	20.388412	-0.007652242	-15.453539	0.9727306	0.014198361	0.1952	14.0	87.20393490791321
39	56.42857	39.318687	115.0	1.0	584.4286	2.8792348	10.068299	46.940018	-10.123603	200000	-1.1444092e-08	35.276653	-0.013045675	-27.63905	1.0867633	0.01507836	0.184	12.0	89.19238805770874
40	58.625	52.720814	127.0	-24.0	592.125	2.2097087	10.024735	51.276894	-8.858076	205000	0.0	39.990143	-0.00713964	-31.53558	1.0491503	0.014771773	0.23	6.0	91.45164799690247
41	74.4	27.368595	129.0	58.0	836.4	5.1834435	8.557495	54.39405	-0.76773655	210000	-1.5640259e-08	17.124393	-0.010199596	-12.434683	0.9754328	0.008043776	0.1612	79.0	93.83574295043945
42	37.0	34.13609	116.0	-6.0	394.54544	5.5170903	11.34429	54.900433	-3.6975117	215000	-1.0299683e-08	34.017143	-0.008372674	-22.93068	1.09099	0.023088729	0.294	5.0	95.87962079048157
43	61.7	35.735275	101.0	-14.0	469.3	6.327296	9.858517	49.538517	-6.242096	220000	1.1444092e-09	50.87767	-0.015255914	-41.403515	1.068331	0.012733259	0.2162	79.0	98.3569610118866
44	48.333332	44.52465	132.0	-4.0	507.77777	6.0839705	12.814412	50.357643	-7.0896683	225000	-1.3351441e-08	102.803955	-0.011478363	-92.16452	1.1493213	0.02213831	0.2318	3.0	100.35791206359863
45	50.272728	43.329792	143.0	2.0	367.27274	7.4280844	10.888924	52.63689	-5.233104	230000	7.629395e-09	68.140465	-0.002179356	-61.24153	0.92821574	0.048327357	0.4336	2.0	102.42833399772644
46	32.785713	19.64026	74.0	1.0	302.2143	2.4121351	7.8650217	53.726585	-3.5123203	235000	1.5258789e-09	21.949808	-0.009659047	-15.884987	1.1117687	0.01095134	0.2244	3.0	104.57117199897766
47	69.71429	22.339678	97.0	23.0	612.7143	7.749972	8.264151	49.61341	-1.3424366	240000	5.340576e-09	42.887012	-0.00049448514	-36.51481	1.0614909	0.016805641	0.1832	4.0	106.5276300907135
48	38.3125	23.058943	84.0	1.0	307.5	5.3516116	8.4630785	50.786148	-0.9733374	245000	-6.4849854e-09	19.397102	-0.016236734	-13.723812	1.0878367	0.010707724	0.1574	79.0	108.92060399055481
49	59.75	27.356064	103.0	13.0	416.41666	6.5875173	10.498004	53.256218	-3.5972753	250000	2.9563905e-09	30.422085	-0.01135072	-23.87139	1.0782075	0.014131128	0.2476	22.0	110.97059082984924
50	44.75	34.208004	114.0	-4.0	528.125	2.4161298	8.993839	46.212975	-1.751406	255000	1.26361845e-08	15.715045	-0.0063054804	-10.2717905	1.096419	0.009170874	0.14	8.0	113.24272990226746
51	35.625	26.939457	84.0	-7.0	604.125	9.914423	7.061051	51.67566	-0.3773639	260000	2.670288e-09	79.28106	-0.0036918323	-71.56895	1.1508592	0.016006874	0.3	5.0	115.25196695327759
52	65.44444	28.72131	103.0	13.0	545.0	3.2053316	8.488431	49.18277	-2.221557	265000	-2.3841857e-09	29.270462	-0.004193596	-22.916702	1.1192335	0.011833358	0.1848	7.0	117.23647689819336
53	51.416668	24.730072	81.0	7.0	409.16666	14.439243	14.517457	53.958115	-2.7936842	270000	-3.5572054e-08	240.5457	-0.010604884	-226.0088	1.078189	0.013561041	0.1736	3.0	119.36156797409058
54	50.454544	36.099266	119.0	4.0	370.63635	5.9177337	8.368373	42.843777	-0.9722544	275000	6.866455e-09	32.529114	0.002970845	-22.059479	1.0370753	0.041303296	0.438	4.0	121.44010996818542
55	65.0	23.905115	127.0	36.0	445.54544	11.216121	10.747381	49.74329	-5.476182	280000	4.8065186e-08	84.01451	0.007876618	-70.3848	1.1010048	0.02434821	0.4064	4.0	123.42294096946716
56	48.9	20.373758	88.0	19.0	462.2	3.648946	7.419615	43.164738	-1.7220905	285000	-1.3160705e-08	16.549612	4.889765e-05	-9.539417	1.0145164	0.01871989	0.1072	2.0	125.4298529624939
57	58.833332	31.7617	100.0	7.0	716.1667	5.0389247	9.991272	53.922447	-0.68565166	290000	-2.822876e-08	36.867825	-0.0009634546	-30.931337	1.0326406	0.016780706	0.2218	2.0	127.36282587051392
58	62.2	33.620827	114.0	16.0	452.8	6.1737485	11.743277	53.18327	-4.2151365	295000	3.6239625e-09	43.58361	-0.013691129	-34.67608	1.0514176	0.008047456	0.1244	79.0	129.72237586975098
59	68.42857	20.900152	98.0	34.0	616.7143	8.493188	12.4415245	54.538033	-2.0681362	300000	-3.4713747e-08	85.43646	0.0010023541	-75.96939	1.0379733	0.02305603	0.1878	7.0	131.65974593162537
60	61.6	46.770077	145.0	0.0	459.6	7.978164	11.904913	57.627365	-1.3705597	305000	-2.8419494e-08	40.648693	-0.010022588	-33.788998	1.0242307	0.007864512	0.1348	79.0	134.33661580085754
61	51.4	23.225847	91.0	28.0	811.0	4.883148	7.720814	53.67818	0.14066634	310000	1.6593933e-08	33.56993	-0.016757557	-27.396473	0.9823464	0.010357842	0.12	79.0	136.75218105316162
62	68.833336	30.541864	122.0	22.0	697.6667	5.3912406	11.595282	57.87116	-3.1883333	315000	1.6403199e-08	21.565422	-0.0064646	-15.565313	1.0131067	0.010906274	0.1126	4.0	138.77675104141235
63	54.285713	31.603409	103.0	1.0	353.64285	5.782748	12.005775	57.68134	-3.1497533	320000	4.4822692e-09	21.745369	-0.015149486	-13.3589115	1.0516895	0.008018605	0.1402	79.0	141.29897689819336
64	61.125	28.131111	100.0	1.0	537.125	5.4414563	9.064939	54.59413	-0.5066525	325000	-9.536744e-10	27.392544	-0.010454603	-22.96461	0.98429805	0.007193387	0.1722	79.0	143.69223403930664
65	63.11111	37.298927	131.0	9.0	522.8889	6.286364	11.724982	56.239296	-1.0309274	330000	-2.3198128e-08	31.856028	-0.011356291	-26.137722	0.9335494	0.010331617	0.1704	79.0	146.03332781791687
66	53.846153	29.855667	129.0	18.0	379.23077	8.472673	16.259373	59.73314	-1.8856319	335000	-2.0980835e-09	65.00149	-0.015011009	-52.099262	0.99074024	0.010466514	0.1266	79.0	148.3722381591797
67	61.416668	36.661648	133.0	13.0	397.66666	11.373323	9.571411	51.778736	-2.7506895	340000	1.7166137e-08	91.71764	-0.011972095	-75.628265	0.82318985	0.0028362472	0.104	79.0	150.73393297195435
68	77.5	42.07731	129.0	25.0	545.5	9.123348	12.059985	56.872967	-1.2220387	345000	6.1035155e-09	39.388336	-0.0151271	-26.753574	1.044354	0.0109162005	0.0736	79.0	153.06542801856995
69	48.714287	22.562384	73.0	9.0	601.2857	2.5604544	7.197187	43.40585	-1.9645102	350000	3.4332275e-09	15.919428	-0.005106569	-12.750792	0.65722823	0.011839479	0.1134	8.0	155.00617790222168
70	68.6	35.975548	140.0	24.0	451.2	4.8488884	13.875372	55.787434	-4.2626286	355000	-7.629395e-09	20.052006	-0.004256374	-11.849461	0.9509372	0.012085021	0.1236	9.0	157.30535292625427
71	44.916668	22.032015	77.0	1.0	410.0	10.793991	12.040132	48.982887	-5.288268	360000	5.607605e-08	139.20094	-0.0040731723	-125.45186	0.8561709	0.013868337	0.168	5.0	159.3108949661255
72	52.53846	42.57051	127.0	4.0	365.30768	5.5415287	11.740745	57.630917	-2.4457731	365000	4.7683715e-09	26.565815	-0.0025631727	-15.895558	0.9686073	0.017038804	0.2176	2.0	161.27622604370117
73	48.2	30.178802	122.0	17.0	441.3	5.3311725	8.293718	51.31625	0.0773862	370000	-8.010864e-09	29.844337	-0.003404939	-22.095499	0.9750166	0.017885119	0.3358	5.0	163.27632594108582
74	52.0	19.315561	88.0	16.0	441.72726	8.987533	12.7680435	59.70023	0.10163587	375000	-1.2969971e-08	53.770874	-0.0135936225	-47.767223	0.71162933	0.0042142714	0.072	79.0	165.6228747367859
75	54.666668	16.713268	88.0	31.0	479.33334	6.745691	10.002716	55.520645	-3.9106703	380000	-1.0490417e-08	67.55496	-0.011021344	-59.39631	0.8939096	0.008938385	0.1142	79.0	167.93332886695862
76	67.666664	38.87015	125.0	6.0	703.0	6.939625	11.956709	58.218803	-2.0316167	385000	1.5640259e-08	33.28532	-0.0033008528	-23.708233	0.80046433	0.018621173	0.2776	10.0	169.88952493667603
77	47.454544	36.28264	133.0	-2.0	450.9091	7.0254607	9.854258	54.820732	-4.646139	390000	-1.4305115e-10	50.126995	-0.012248003	-41.114544	0.8619698	0.014047469	0.1574	54.0	172.0931100845337
78	52.333332	22.58318	85.0	18.0	511.44446	1.0828582	7.554151	45.76269	-5.583497	395000	-9.536744e-10	16.898638	-0.00393933	-11.267366	0.9862038	0.010994259	0.1864	2.0	174.01211071014404
79	69.666664	29.284048	97.0	18.0	697.5	7.7310905	8.693606	55.286095	-0.80133647	400000	-1.9073487e-09	50.024963	0.009849863	-42.814175	1.0105724	0.015026546	0.1416	1.0	175.92501187324524
80	87.2	42.447144	133.0	19.0	1000.0	8.022848	10.677523	57.798904	0.10090631	405000	-3.376007e-08	44.21394	0.0068306886	-38.997375	0.79496765	0.036074694	0.2736	1.0	178.14654803276062
81	65.666664	32.055508	133.0	17.0	447.1111	9.090149	12.134938	61.017788	-1.0448778	410000	-6.9618227e-09	70.84487	0.0003549672	-58.6286	0.9401418	0.022444386	0.2126	2.0	180.14587688446045
82	58.88889	31.345547	123.0	8.0	473.0	3.9975526	10.484338	58.118275	-1.2790446	415000	1.5068053e-08	20.601654	-0.00967906	-15.556225	0.8211445	0.004905368	0.1042	79.0	182.50463008880615
83	59.75	33.02556	113.0	27.0	551.0	6.061189	9.8939495	55.002495	-0.7223618	420000	-3.7193297e-09	27.347012	-0.009720152	-21.538368	0.791832	0.008102837	0.1334	79.0	184.84615874290466
84	53.5	43.89666	139.0	8.0	671.6667	5.218099	9.514049	59.448074	-2.0358953	425000	1.2588501e-08	27.291246	-0.0038405685	-21.265759	0.7776549	0.016311504	0.1658	4.0	186.7639980316162
85	58.57143	43.27605	129.0	8.0	600.5714	3.353791	9.386206	55.113544	-2.036271	430000	-1.6021728e-08	21.70783	-0.002386827	-15.789288	0.9987793	0.014147087	0.2136	5.0	188.7029149532318
86	63.076923	37.14517	123.0	3.0	380.69232	6.1333146	13.301387	58.576862	-3.5595882	435000	-1.926422e-08	25.358534	-0.009128343	-14.036891	0.777519	0.01620549	0.0912	52.0	190.9108419418335
87	53.166668	31.05953	111.0	0.0	249.0	7.6175375	11.077635	52.264942	-3.3891113	440000	-3.8146972e-10	26.854195	-0.014065471	-18.339386	0.95032305	0.010774303	0.0888	65.0	193.29572987556458
88	52.81818	25.258009	108.0	16.0	418.81818	7.8605485	10.687916	56.635403	0.35126537	445000	2.861023e-09	29.47781	-0.008199895	-23.463514	0.40665427	0.0022195266	0.0424	79.0	195.83779001235962
89	49.5625	32.465305	124.0	1.0	310.4375	6.6249704	11.296011	62.77982	-0.982006	450000	-3.089905e-08	30.558016	-0.0062056263	-21.93058	0.77933943	0.015657892	0.1496	8.0	198.03783798217773
90	56.0	33.767178	123.0	13.0	490.55554	6.1372757	10.443008	57.286194	-1.8328497	455000	5.912781e-09	22.661041	-0.009315625	-17.060225	0.8758198	0.005834652	0.079	79.0	200.95059776306152
91	77.5	25.908493	124.0	38.0	709.3333	3.990478	10.18727	60.40629	0.15928137	460000	-3.4332275e-09	11.678625	-0.003990444	-8.481214	0.94049007	0.005120367	0.0556	2.0	203.0124180316925
92	44.1	32.230267	99.0	1.0	207.3	6.2234697	13.379291	61.247784	-2.3066258	465000	9.441376e-09	18.668585	-0.010990479	-10.787226	0.8839555	0.01795889	0.1786	16.0	205.26639986038208
93	67.181816	31.714115	134.0	13.0	437.27274	5.668754	12.466531	57.29897	-2.192297	470000	7.247925e-09	21.092634	-0.0031708914	-14.062231	0.83365446	0.015090251	0.2116	2.0	207.5214819908142
94	63.583332	34.008476	109.0	1.0	405.91666	6.7745266	14.305231	61.529984	-0.32180452	475000	-2.2888185e-09	19.02587	-0.0126469415	-11.721556	0.7933027	0.006072303	0.0742	79.0	210.23875617980957
95	52.8	21.094076	90.0	19.0	458.4	6.676454	10.052132	60.64707	-0.28097022	480000	-4.9591065e-09	30.211506	-0.004271984	-22.27798	0.9512077	0.007389695	0.0316	2.0	212.23615312576294
96	68.9	33.272964	120.0	21.0	455.3	6.431028	13.034848	58.815857	-0.45877337	485000	-8.9645384e-09	21.604818	-0.0074324426	-13.738647	0.8238741	0.013183976	0.2302	5.0	214.29163694381714
97	83.166664	32.038605	126.0	45.0	687.5	6.464997	13.429307	63.80342	-0.83989143	490000	-1.4877319e-08	21.877571	-0.002719238	-17.942839	0.83274704	0.012192511	0.2142	24.0	216.45156407356262
98	46.875	28.755163	96.0	20.0	519.25	2.9999719	7.8805537	57.534973	-1.050062	495000	1.0490417e-09	11.16712	-0.0035723164	-7.354034	0.7935831	0.011130279	0.0788	2.0	218.45640397071838
99	46.11111	31.87979	103.0	6.0	522.6667	2.9940097	8.313936	56.932365	-1.1099471	500000	4.577637e-09	12.346197	-0.0031473665	-8.0084915	0.9417908	0.01489272	0.1116	7.0	220.52506017684937
100	57.2	23.688816	92.0	21.0	490.6	9.17714	11.252478	59.511078	-0.71032614	505000	1.0299683e-08	73.42938	-0.0053450298	-64.77796	0.7431728	0.013419948	0.0844	13.0	222.9952290058136
101	68.5	40.950172	144.0	14.0	698.0	4.827028	10.95916	56.893623	-0.13414645	510000	1.1634826e-08	16.803942	-0.0127276955	-12.001284	0.7315746	0.015837336	0.0916	25.0	225.24928307533264
102	48.4	26.81865	96.0	8.0	429.8	3.7964282	9.900676	59.174313	-0.6930799	515000	-2.0980835e-09	12.465048	-0.005166088	-7.597432	0.9620699	0.009412515	0.0822	12.0	227.4620280265808
103	41.142857	39.297142	145.0	2.0	349.92856	4.0048985	11.337006	60.061512	-0.6867874	520000	-5.817413e-09	13.599137	-0.0011392904	-8.97929	0.7863387	0.01546823	0.1874	3.0	229.6808099746704
104	30.363636	25.238039	80.0	5.0	394.18182	5.599753	8.548706	56.668377	-0.10113037	525000	-3.1471252e-09	22.65229	-0.012423236	-17.92948	0.47212538	0.007172575	0.0576	79.0	232.13299894332886
105	46.642857	22.604067	95.0	9.0	343.0	6.755908	9.9375725	60.718693	-1.8897839	530000	1.926422e-08	41.711308	0.006031714	-33.670494	0.8509021	0.03176599	0.3234	11.0	234.19234085083008
106	61.75	35.449787	132.0	6.0	405.91666	5.787243	12.864272	62.309402	-2.9664917	535000	4.196167e-09	19.58258	-0.011449833	-13.702517	0.81605005	0.008123991	0.0672	79.0	236.59730982780457
107	62.4	30.961912	121.0	14.0	333.06668	8.684602	10.459094	57.68182	-0.098638594	540000	-6.866455e-09	46.842297	-0.008553773	-39.153942	0.82436854	0.0150541365	0.1262	16.0	238.68583798408508
108	49.833332	32.57001	101.0	14.0	700.3333	5.8053718	10.07432	58.71061	-0.7627417	545000	1.0490417e-08	23.559172	-0.004688237	-19.992481	0.95505744	0.011498289	0.178	7.0	240.68029594421387
109	60.6	30.229786	115.0	6.0	451.0	10.14038	11.872238	53.271206	-0.3630182	550000	2.8800965e-08	107.66351	-0.003677101	-94.14256	1.0823903	0.015283139	0.2212	2.0	242.65359210968018
110	64.111115	37.77549	123.0	5.0	507.66666	5.3048697	11.904172	62.958687	-1.7016574	555000	5.817413e-09	14.762443	-0.0016819795	-9.092573	0.93125564	0.007525531	0.122	9.0	245.02101182937622
111	62.0	29.877527	109.0	6.0	475.44446	5.6955733	9.60002	60.59557	-1.9743524	560000	-9.918213e-09	17.2206	-0.010690978	-13.436754	0.57995373	0.0037998185	0.0424	79.0	247.45574283599854
112	52.1	23.351444	89.0	25.0	448.0	4.6323104	8.439971	56.52169	-0.89054054	565000	2.193451e-08	14.840933	-0.010078639	-10.121305	0.7081162	0.0059601604	0.1078	79.0	249.88577675819397
113	45.615383	28.424091	111.0	7.0	349.15384	4.3363295	10.039675	58.718395	-0.48654532	570000	1.5258789e-09	16.539679	-0.0033300598	-11.695632	0.7341097	0.014620189	0.1554	3.0	251.92094492912292
114	56.25	29.537052	103.0	21.0	536.125	7.5710416	10.338229	57.990902	0.62940526	575000	-9.030104e-09	39.563274	0.0041175312	-34.009758	0.71484095	0.026617395	0.237	6.0	253.8831169605255
115	57.4	33.27822	121.0	0.0	241.9	7.610983	12.590112	52.832916	-2.0272036	580000	-5.531311e-09	37.896355	-0.0029040778	-25.263462	0.77844584	0.0062593482	0.0694	2.0	255.96799683570862
116	44.8	23.5151	67.0	11.0	819.0	6.212243	7.3267803	51.430195	0.23486263	585000	-3.0517577e-09	36.79388	-0.0028195346	-32.16243	0.62648535	0.019623788	0.1558	5.0	258.0458519458771
117	60.285713	34.47241	127.0	1.0	340.14285	7.1516447	12.511582	53.048286	-3.196887	590000	2.2125244e-08	33.266636	-0.0078400215	-26.80767	0.8967281	0.0052969856	0.149	25.0	260.1372637748718
118	70.083336	41.95922	159.0	10.0	381.08334	6.6721697	13.894725	60.62556	-1.6057785	595000	-1.3542175e-08	25.03311	-0.0011742474	-18.637327	0.80428785	0.0067889215	0.1238	1.0	262.069011926651
119	70.875	38.475437	147.0	16.0	537.5	9.840148	14.980641	65.38706	-0.28183055	600000	-5.2309037e-08	79.410965	-0.012981921	-70.44322	0.72566277	0.011056718	0.1124	79.0	264.4571509361267
120	54.81818	42.18319	143.0	3.0	399.0909	3.153884	10.488451	58.50635	-1.167923	605000	6.67572e-10	27.565365	-0.0048004766	-23.58849	0.6473445	0.016662568	0.0642	19.0	266.92252492904663
121	56.5	41.76901	150.0	6.0	446.4	9.530293	12.250282	64.28057	-0.2169286	610000	1.5068053e-08	50.76119	-0.0002882536	-42.38359	0.8732126	0.02462702	0.189	7.0	269.0611398220062
122	56.5	19.862024	84.0	27.0	533.625	3.5056267	7.96352	46.85168	-0.78406864	615000	-2.0980835e-08	12.740687	-0.0021425968	-8.524159	0.8772387	0.008482931	0.0576	4.0	271.30196499824524
123	65.5	25.753641	98.0	28.0	700.0	5.4041467	11.122362	61.002335	-1.2617556	620000	4.7683715e-09	27.87822	0.0048943213	-22.143417	0.9805128	0.027495129	0.4172	10.0	273.527636051178
124	51.22222	27.112022	95.0	1.0	501.44446	5.2286267	9.168183	50.980213	-1.2457273	625000	-1.4877319e-08	25.345371	0.0015856167	-20.018679	0.87554806	0.011879771	0.1562	2.0	275.59094882011414
125	62.5	29.567719	113.0	5.0	393.58334	7.467486	10.611684	49.813652	-0.9468309	630000	-5.340576e-09	37.778614	-0.010175251	-30.119299	0.67372257	0.0047306977	0.0792	79.0	277.96335005760193
126	44.733334	26.001198	90.0	4.0	323.93332	3.4751937	10.011074	56.875717	-2.6900191	635000	4.005432e-09	12.859218	-0.0166596	-6.4881825	0.79279846	0.008679135	0.0982	79.0	280.3527510166168
127	62.153847	27.85359	122.0	10.0	381.3846	6.0328975	10.598832	57.126755	0.21926886	640000	1.2874604e-08	19.567059	-0.010566778	-12.837128	0.81316555	0.0039347415	0.0974	79.0	282.7079060077667
128	66.71429	22.701256	92.0	29.0	604.2857	9.523777	15.087473	53.992622	-2.1332	645000	-2.784729e-08	173.50592	-0.003519305	-159.53389	0.71110195	0.017817575	0.1654	9.0	284.6460700035095
129	45.833332	19.402893	82.0	19.0	681.1667	1.472519	6.780456	55.38332	-2.4516976	650000	8.201599e-09	6.377463	-0.012702673	-3.9282846	0.689192	0.007962863	0.0982	79.0	287.018541097641
130	45.076923	33.206722	102.0	2.0	340.69232	5.6082816	10.785828	50.898235	-0.13705707	655000	-1.8072129e-08	17.893082	-0.004521364	-12.547312	0.6294716	0.014187947	0.0826	3.0	289.4904897212982
131	65.4	36.538197	126.0	1.0	461.7	4.076849	11.212616	53.634377	-0.5428262	660000	4.577637e-09	10.692669	-0.0049909833	-6.864563	0.7397379	0.0116096325	0.1326	17.0	291.5783669948578
132	70.5	36.551334	126.0	16.0	527.5	8.600823	11.1837435	58.09818	-0.22695178	665000	-3.0517577e-09	36.73273	-0.014396836	-30.634396	0.65050477	0.017268956	0.086	50.0	293.84530878067017
133	52.153847	40.599064	140.0	1.0	346.69232	7.1841264	12.907853	65.65378	-2.6734247	670000	-1.6784668e-08	41.687737	-0.0028005356	-32.588272	0.81727815	0.02658172	0.198	6.0	295.95566487312317
134	43.5	22.231733	73.0	1.0	539.375	2.6808524	6.6796546	52.416172	-4.5019693	675000	-1.0204316e-08	10.858313	-0.0098948525	-6.5103726	0.78634495	0.0030960008	0.0584	79.0	298.3827769756317
135	67.76471	36.597218	137.0	15.0	292.70587	12.007029	15.141696	64.90085	-2.6492693	680000	3.0708314e-08	81.80792	-0.0101753585	-69.41235	0.75330764	0.017826866	0.1328	24.0	300.4895930290222
136	66.42857	17.895388	99.0	44.0	640.0	9.648773	10.896965	55.410797	-2.0894287	685000	2.4604798e-08	88.008865	0.0013071022	-79.623535	0.9454012	0.019997021	0.3122	8.0	302.4401390552521
137	52.444443	23.06566	102.0	23.0	479.44446	3.9604676	9.903269	63.497284	-2.3568568	690000	2.0980835e-09	19.506346	-0.0020933298	-13.016348	0.80251855	0.008622468	0.169	4.0	304.38239192962646
138	82.833336	27.966747	119.0	28.0	704.5	3.629104	10.715384	61.15006	-2.3135412	695000	-2.4032593e-08	14.442383	-0.01066274	-9.707109	0.8556906	0.014952454	0.2114	50.0	306.5879428386688
139	60.57143	48.01743	167.0	10.0	595.0	7.0911107	11.4912405	59.694313	-1.1251988	700000	-1.9073487e-09	41.882706	0.003713857	-35.954918	0.772232	0.0138693405	0.1702	2.0	308.57184195518494
140	61.0	20.144478	102.0	36.0	441.9	4.3132133	10.67566	60.43035	-1.4687197	705000	-4.196167e-09	11.795301	-0.012221208	-6.511049	0.8162754	0.008445563	0.1372	79.0	311.3474497795105
141	68.3	35.173996	123.0	14.0	496.4	4.83577	12.883191	62.104362	-1.7401762	710000	-6.437302e-09	16.711176	-0.009682652	-7.6114044	0.6198368	0.017129496	0.1104	15.0	313.3845660686493
142	61.2	27.021473	130.0	37.0	474.2	5.459508	11.658809	60.43313	-0.53077996	715000	-2.670288e-09	13.367481	-0.011438107	-9.422327	0.64969844	0.009336452	0.1002	79.0	315.83985781669617
143	65.625	30.84614	123.0	21.0	558.75	4.7611804	10.694929	63.511513	-1.7021228	720000	-1.8310548e-08	22.660532	-0.004165573	-16.231243	0.739446	0.0059663733	0.0532	5.0	317.9085099697113
144	71.875	24.997187	108.0	24.0	538.625	4.895357	11.195943	60.40142	-0.33917516	725000	-7.6293943e-10	11.458116	-0.014300382	-7.2587657	0.78289807	0.004431392	0.068	79.0	320.386421918869
145	44.333332	22.40139	97.0	14.0	331.2	5.5594735	10.424208	66.28126	0.12012744	730000	-2.9754638e-08	15.315513	-0.009131594	-11.397085	0.7344626	0.011423835	0.1032	79.0	322.7795069217682
146	87.666664	25.690464	138.0	45.0	501.22223	13.027533	15.740061	64.48021	-0.28890407	735000	2.3651124e-08	115.24473	0.003062892	-105.56018	0.6557471	0.014619185	0.1844	4.0	324.77011609077454
147	39.833332	26.592083	114.0	12.0	376.58334	2.9942563	8.226943	53.99611	-0.32439113	740000	2.0980835e-09	9.24568	-0.0056576803	-5.6583633	0.76682514	0.02204949	0.182	7.0	326.7756450176239
148	69.0	34.792892	135.0	16.0	403.0909	10.462763	13.291986	58.32997	-2.3577018	745000	-6.7710877e-09	61.678524	-0.007060849	-53.03151	0.5448853	0.014610104	0.0872	14.0	328.82557702064514
149	51.142857	27.660847	107.0	12.0	328.35715	4.484746	10.376889	59.385475	-1.4129965	750000	1.9788741e-08	16.106646	-0.014280265	-10.483412	0.70210135	0.008696219	0.088	79.0	331.2709460258484
150	56.923077	30.101011	108.0	1.0	368.92307	7.5932765	14.31058	64.718056	-1.3240718	755000	4.3582915e-08	34.93015	-0.012527777	-28.156292	0.5878475	0.004823753	0.0638	79.0	334.07686400413513
151	54.5	25.082008	94.0	9.0	346.35715	7.9497657	12.165431	59.267197	-0.26041353	760000	-2.155304e-08	37.79658	-0.009442137	-30.067436	0.5736981	0.01226447	0.0678	29.0	336.20572900772095
152	46.9	30.778076	100.0	8.0	422.8	5.5410433	10.811286	50.22607	-0.286636	765000	-1.8119812e-09	21.16722	-0.0166148	-16.634579	0.70360947	0.015517937	0.0912	66.0	338.567085981369
153	53.058823	32.495197	111.0	1.0	248.82353	6.764611	9.928147	54.33088	-0.36703414	770000	2.28405e-08	37.02258	-0.0071961517	-28.009441	0.7551541	0.006899033	0.1096	33.0	340.88127994537354
154	71.2	32.167686	129.0	23.0	451.8	11.366725	12.608084	59.29563	0.9300892	775000	-4.1484833e-09	101.95411	-0.013601559	-91.68297	0.4440458	0.014524378	0.115	66.0	343.2416310310364
155	58.42857	25.393232	102.0	28.0	706.8571	7.784898	8.778567	64.92379	3.011988	780000	-2.89917e-08	36.76159	-0.0015555824	-29.911684	0.85850877	0.011734847	0.104	15.0	345.2617070674896
156	54.333332	33.798748	112.0	2.0	317.33334	6.52643	10.878801	59.30985	-0.92395866	785000	-7.915497e-09	44.950447	-0.0090225255	-36.808517	0.7190156	0.00033836588	0.0622	79.0	347.66465997695923
157	48.53846	37.360233	108.0	-6.0	345.84616	12.473557	10.711827	57.544884	0.08966726	790000	-3.9863586e-08	97.868515	-0.00033939857	-87.39309	0.75639373	0.024108548	0.2416	5.0	349.6320569515228
158	69.125	30.51818	104.0	18.0	517.25	5.334737	11.315083	63.75494	-0.6621623	795000	-1.926422e-08	12.892275	-0.0068151243	-7.247144	0.94548213	0.016281748	0.2758	5.0	351.58793902397156
159	74.55556	30.339235	134.0	36.0	499.77777	8.793589	12.988774	62.446785	-0.22123915	800000	-3.0517577e-09	25.935707	-0.014479671	-20.35227	0.7463801	0.008945672	0.0904	79.0	354.0520577430725
160	66.72727	34.677975	159.0	30.0	412.0	7.449315	13.847851	64.52402	-0.3674729	805000	1.9693374e-08	30.64248	-0.015790086	-21.604076	0.72374856	0.005788285	0.1266	79.0	357.2347640991211
161	55.363636	35.548363	134.0	1.0	420.45456	5.307356	13.9591	69.325424	0.29154772	810000	2.384186e-10	14.637925	-0.010198918	-8.682071	0.74204236	0.0072608795	0.0806	79.0	359.8294720649719
162	38.0	13.453624	59.0	18.0	676.3333	6.1366143	7.056859	45.630116	-2.4517817	815000	9.346008e-09	26.905775	-0.0054532615	-23.859941	0.606448	0.013544348	0.1272	11.0	361.78153896331787
163	65.2	32.068054	113.0	20.0	444.4	7.7067537	12.303784	66.448364	-0.74307185	820000	-3.7193297e-09	42.164658	0.0072868825	-33.964947	0.74101394	0.01228331	0.1114	5.0	363.7624418735504
164	68.5	37.725986	142.0	25.0	532.25	10.633493	11.30919	65.13398	1.9972434	825000	-3.0326845e-08	67.0606	0.00048210353	-61.313717	0.38081536	0.01862482	0.0662	2.0	365.73521518707275
165	56.88	24.887459	108.0	14.0	199.84	7.185789	14.921236	63.538807	-2.7555084	830000	-1.7166137e-09	34.171364	-0.0056519224	-18.252235	0.8922828	0.021059252	0.2128	7.0	367.9385631084442
166	42.727272	33.53449	128.0	3.0	432.18182	7.420125	9.121735	61.87397	-0.03128493	835000	-2.5367736e-08	37.269512	-0.0029764231	-32.17717	0.5546005	0.010318271	0.1928	8.0	369.9021818637848
167	70.09091	33.410545	122.0	10.0	411.0	8.391774	14.818541	65.034485	0.61428684	840000	-9.2029575e-09	33.089756	-0.0001372808	-27.531044	0.4569913	0.016523628	0.0952	4.0	371.85393500328064
168	50.0	32.63787	113.0	1.0	368.46155	5.002266	9.979072	55.828495	-0.3626719	845000	-8.416176e-09	20.828436	-0.009371288	-13.731503	0.57713056	0.0061749304	0.1116	46.0	374.1290099620819
169	64.333336	36.15322	146.0	19.0	380.16666	5.530645	13.785153	65.75608	-0.20161402	850000	1.3065338e-08	15.42118	-0.013799869	-11.069761	0.765889	0.01258396	0.0862	79.0	376.5349590778351
170	62.444443	31.220047	101.0	1.0	493.44446	10.5400715	11.2065525	61.73967	-1.4956629	855000	-2.89917e-08	89.155174	-0.0063235355	-81.38275	0.54448456	0.02882002	0.1034	6.0	379.07590508461
171	51.857143	33.36991	107.0	1.0	337.5	7.5909414	11.714414	56.165077	0.032128096	860000	2.4795533e-08	24.05274	-0.009127983	-15.79852	0.59625256	0.003319249	0.0654	79.0	381.4776351451874
172	62.454544	29.7577	112.0	21.0	421.45456	4.9194	12.04862	68.30412	-1.0963519	865000	1.3351441e-08	10.706287	-0.0055130795	-5.363556	0.61275595	0.007646298	0.0432	20.0	383.53202295303345
173	57.916668	37.564297	136.0	11.0	380.0	6.1046095	11.872893	60.782986	-1.4703631	870000	9.536744e-10	28.018581	-0.006439559	-21.135925	0.29727393	0.0012635161	0.031	79.0	385.90762591362
174	42.5	20.186628	77.0	17.0	560.875	6.73782	8.0689125	52.12019	-1.6785773	875000	-4.2533873e-08	44.58135	-0.010765884	-39.922905	0.61740106	0.0070257033	0.052	62.0	388.1847040653229
175	59.285713	31.537798	112.0	2.0	336.2143	6.286563	12.469212	60.7143	0.03942436	880000	-9.9658966e-09	24.36901	-0.0015502494	-16.49497	0.4379436	0.0066904984	0.069	2.0	390.2155759334564
176	73.0	20.514803	99.0	47.0	610.0	4.3397374	10.549122	69.64675	-0.81006795	885000	-1.4781952e-08	10.691675	-0.0063187075	-6.9987946	0.5029672	0.014198059	0.1316	23.0	392.3011031150818
177	28.125	30.064255	92.0	-1.0	565.75	1.7661098	6.1517286	51.31945	-1.1634092	890000	-1.3923645e-08	5.6917157	-0.01205731	-3.455658	0.60478723	0.014203485	0.1024	74.0	394.6392550468445
178	59.5	23.783998	108.0	18.0	340.92856	7.1260686	10.708729	55.8451	-0.24763453	895000	3.5095216e-08	41.111	-0.003927596	-33.19686	0.6080469	0.0066315443	0.1244	9.0	396.68092012405396
179	46.875	36.75404	123.0	6.0	556.875	3.878746	10.495429	65.96936	-1.8958831	900000	-7.6293943e-10	24.580837	0.0015987809	-21.04868	0.86164397	0.018618368	0.227	3.0	398.68991589546204
180	87.55556	37.67437	155.0	19.0	498.0	7.481919	13.699036	64.291374	1.0401667	905000	-1.6212464e-09	29.741856	-0.00024357415	-24.540857	0.29745936	0.020627094	0.0692	9.0	401.3618948459625
181	44.857143	22.787394	74.0	5.0	594.5714	2.4935443	7.4570107	49.42789	0.31836605	910000	6.866455e-09	7.2840915	-0.0066586677	-5.4228163	0.29045293	0.002357245	0.0158	79.0	403.82533979415894
182	42.875	23.634918	86.0	19.0	526.875	4.972017	9.569493	61.241367	0.15390468	915000	-1.6593933e-08	13.936703	-0.0045608366	-9.518625	0.6386326	0.009529512	0.173	35.0	406.0000367164612
183	73.333336	30.320509	110.0	25.0	492.77777	5.4742227	14.222374	66.80206	-0.98174125	920000	8.487701e-09	19.181803	-0.013673215	-13.826672	0.5717789	0.014792782	0.153	79.0	408.4869267940521
184	77.166664	30.569138	108.0	28.0	689.6667	5.107311	9.759096	58.937958	0.23451763	925000	-1.077652e-08	19.55995	0.013036751	-16.896015	0.54176575	0.012152248	0.125	3.0	410.46756982803345
185	69.5	27.307116	114.0	29.0	294.92856	7.127478	15.169129	62.149155	-3.6888096	930000	-1.27792354e-08	20.998621	0.007873086	-12.088819	0.42358565	0.058758534	0.1894	1.0	412.48393177986145
186	84.166664	26.692175	118.0	49.0	713.1667	8.032249	13.725401	66.3529	0.4481265	935000	6.866455e-09	64.823616	-0.0014557695	-58.93361	0.64208126	0.0091658505	0.0984	4.0	414.4843430519104
187	58.714287	43.699345	126.0	9.0	587.2857	3.8978968	10.21242	67.14388	0.09074646	940000	-6.1035155e-09	13.170669	-0.0046988376	-10.752578	0.7750316	0.007067021	0.0786	9.0	416.4914538860321
188	49.916668	37.847187	116.0	-1.0	387.16666	9.78699	15.708132	65.2327	-1.7181209	945000	4.0960312e-08	100.91723	0.004710835	-93.54671	0.59563196	0.019771695	0.2922	3.0	418.4230229854584
189	56.636364	28.630157	113.0	11.0	364.72726	7.670875	10.075178	57.815834	-3.3477607	950000	6.198883e-09	41.355865	-0.0058379876	-35.327972	0.4812005	0.008140127	0.0974	13.0	420.463662147522
190	55.285713	25.549473	110.0	29.0	591.0	5.8586354	10.452663	61.56274	-0.8258254	955000	1.0490417e-08	25.618296	-0.0030490682	-19.915419	0.6990641	0.012001213	0.1432	5.0	423.1903281211853
191	61.923077	35.10525	122.0	4.0	358.53845	5.48684	13.415819	59.55645	-1.7600429	960000	-6.6757204e-09	17.572798	-0.01061269	-11.909873	0.6249396	0.010480374	0.1944	79.0	425.6132380962372
192	65.8	24.498163	94.0	25.0	815.2	3.210707	8.668697	54.44955	-1.1178378	965000	6.6757204e-09	11.7538185	-0.015459601	-8.375013	0.38331738	0.0131581575	0.1034	79.0	428.06414699554443
193	66.333336	13.474255	81.0	42.0	691.3333	3.3032844	8.401917	49.570927	-0.038398325	970000	0.0	13.5896845	-0.011021824	-10.259634	0.72811526	0.008063387	0.08	28.0	430.1719779968262
194	53.42857	27.036255	109.0	11.0	356.2143	5.9480577	11.671871	55.89749	-3.0124288	975000	-5.1498414e-09	16.026745	-0.0027645838	-9.289433	0.8366762	0.018137345	0.1984	3.0	432.20902609825134
195	56.066666	30.742949	132.0	16.0	328.13333	5.164219	12.841171	58.437157	-1.4473757	980000	-3.4332275e-09	19.19492	-0.015246476	-12.627275	0.64448106	0.012642942	0.1106	79.0	434.6426999568939
196	69.2	34.429058	130.0	23.0	1000.0	10.668623	10.281492	57.41663	0.79344785	985000	-3.7384034e-08	108.95307	-0.00037824325	-102.43367	0.5059397	0.0070050154	0.0844	24.0	436.69721388816833
197	68.933334	32.27686	133.0	7.0	310.66666	6.9117646	13.756657	60.97999	-2.3900855	990000	-1.0728836e-09	37.800884	-0.01413645	-24.360268	0.84349376	0.009394739	0.1044	79.0	439.1155889034271
198	49.75	38.51542	99.0	6.0	535.625	4.638889	9.50681	68.13754	-3.165423	995000	8.268356e-08	24.43105	-0.008783037	-20.866703	0.49996474	0.008885945	0.082	79.0	441.7788348197937
199	58.25	41.58751	157.0	18.0	372.41666	8.291877	13.465661	65.66215	-1.7858582	1000000	1.4877319e-08	60.960213	-0.003909774	-50.887417	0.62960964	0.016672602	0.0886	8.0	443.80361795425415
200	50.384617	28.98949	107.0	8.0	361.92307	4.9671297	11.221357	66.79616	-0.6781503	1005000	3.2424927e-09	18.484552	-0.011001831	-12.588684	0.4463985	0.0042319684	0.0754	79.0	446.8269808292389
201	51.666668	29.586033	115.0	14.0	481.55554	5.650627	10.083198	55.407906	-0.10280758	1010000	3.862381e-08	40.46391	-0.011825573	-34.817814	0.48719776	0.019182572	0.0794	67.0	449.2995059490204
202	65.85714	22.664816	101.0	21.0	344.35715	7.4981594	13.471388	60.093987	-0.78963643	1015000	-8.392334e-09	37.74836	-0.0118280575	-29.016693	0.51833117	0.004863414	0.0964	79.0	451.7282910346985
203	74.833336	37.489628	132.0	19.0	401.75	8.129168	14.451789	62.98144	-1.3593727	1020000	-4.7588347e-08	23.430653	-0.013588643	-16.74828	0.53085715	0.006792464	0.0718	79.0	454.1249101161957
204	78.14286	39.222546	148.0	23.0	608.5714	5.884086	11.6135025	65.81196	-0.088762045	1025000	-5.2452087e-09	19.2928	-0.009344661	-14.767321	0.40876117	0.0062129525	0.0714	79.0	456.5700490474701
205	53.727272	28.409636	105.0	8.0	403.27274	5.860972	11.439518	64.4439	-0.3573743	1030000	-4.940033e-08	17.088459	-0.010296119	-11.426435	0.29620424	0.002396893	0.056	79.0	459.22119975090027
206	46.923077	20.548111	90.0	9.0	344.92307	4.1902556	9.640534	60.584404	-1.0891039	1035000	8.5830685e-09	10.350988	-0.013478689	-6.3643603	0.26485282	0.0051118485	0.0534	79.0	461.6190929412842
207	56.5	29.0158	106.0	26.0	386.91666	6.843818	10.358448	52.792313	0.11826438	1040000	-2.2888185e-09	42.363476	-0.01803416	-33.434135	0.54055035	0.011750969	0.1582	79.0	464.0186140537262
208	61.764706	27.451624	133.0	18.0	292.0	6.0231447	11.660722	58.96368	-1.3116138	1045000	8.773804e-09	29.226446	-0.012622493	-21.064798	0.38763988	0.013736997	0.062	79.0	466.47695803642273
209	54.82353	34.28125	127.0	11.0	278.88235	7.7747188	13.471338	62.300518	-0.74427086	1050000	1.1444092e-09	38.135708	-0.0098023275	-30.812078	0.5642708	0.0072868667	0.0634	79.0	469.20531606674194
210	50.5	14.361406	71.0	26.0	678.6667	4.575684	7.588841	48.875298	-4.0822115	1055000	1.9073487e-09	20.885477	0.00041671857	-17.536846	0.61927634	0.012649373	0.1198	8.0	471.9580590724945
211	78.22222	51.26137	173.0	11.0	489.8889	5.7337046	14.2954445	61.220825	-4.1612864	1060000	-5.1498414e-09	37.065834	-0.0062801335	-31.684399	0.60902816	0.014831693	0.0968	2.0	473.99823093414307
212	48.3	33.143776	108.0	3.0	219.55	10.9227705	13.101819	60.97737	-2.4967937	1065000	-2.0885468e-08	73.358925	-0.014492308	-65.59872	0.3267329	0.007333171	0.0712	79.0	476.39593291282654
213	39.933334	21.840227	84.0	9.0	323.66666	4.7569447	10.577923	62.594772	-0.39019698	1070000	8.392334e-09	19.349174	-0.011862499	-14.862068	0.50445825	0.0053999973	0.0548	79.0	478.77113485336304
214	57.77778	32.09631	130.0	11.0	471.0	5.1874547	9.209752	53.843895	-0.046607256	1075000	2.0408631e-08	18.224417	-0.0064524636	-13.137775	0.60539	0.01093045	0.0728	15.0	480.8079071044922
215	59.0	32.64583	124.0	12.0	554.125	4.515423	9.167498	53.77167	-2.8208194	1080000	1.2969971e-08	24.736362	-0.007928447	-20.506325	0.5084662	0.019673757	0.0976	14.0	482.82853603363037
216	67.0	36.80246	158.0	20.0	262.57895	9.087365	17.375145	67.48827	-0.23434126	1085000	-4.386902e-09	26.06086	-0.014848369	-18.96435	0.3690548	0.0067892657	0.0882	79.0	485.2191700935364
217	53.875	27.269201	96.0	24.0	536.0	3.5471766	10.363176	58.947945	-1.0132301	1090000	7.05719e-09	8.710971	-0.012605792	-4.7765074	0.21789429	0.007882967	0.0532	79.0	487.5472147464752
218	54.785713	30.503345	125.0	1.0	349.7143	8.48519	10.646833	61.15814	-0.6215436	1095000	4.7683715e-09	46.1176	-0.007973939	-39.479324	0.3371815	0.015586657	0.0436	22.0	489.6505777835846
219	65.5	32.326458	113.0	1.0	531.125	6.028514	13.296074	69.303185	0.43900907	1100000	-1.6212464e-09	13.310816	-0.0113656875	-10.689355	0.52660733	0.003632798	0.0934	79.0	492.01181387901306
220	41.9	25.181143	91.0	8.0	473.5	2.245081	6.6031413	52.495537	-0.005720198	1105000	-1.1062622e-08	12.449793	-0.0043120775	-8.284294	0.6469536	0.01033275	0.188	11.0	494.55799198150635
221	53.1875	32.47541	143.0	13.0	293.4375	8.391513	12.163741	64.15349	-0.32406527	1110000	4.9209596e-08	48.537495	-0.010073151	-37.99201	0.4347379	-0.0014763852	0.0522	79.0	497.0060329437256
222	59.8	13.392536	76.0	26.0	448.3	3.589832	9.0744	57.308365	-2.6859462	1115000	3.118515e-08	12.183246	-0.010060993	-8.445773	0.31597003	0.0036997162	0.0476	79.0	499.46386885643005
223	69.166664	29.160952	126.0	2.0	232.83333	10.960197	16.148434	68.40116	-2.9930544	1120000	2.002716e-08	35.510506	-0.012864941	-23.099197	0.38356924	0.014146255	0.1026	71.0	501.78333497047424
224	64.57143	23.524195	95.0	34.0	591.1429	3.6321602	7.7468543	54.55007	0.10578138	1125000	1.2874604e-09	15.514197	-0.011365098	-11.774622	0.38751534	0.006121524	0.0558	79.0	504.13526797294617
225	88.833336	44.06214	146.0	40.0	682.6667	6.814491	15.501484	68.67186	-1.8086437	1130000	-3.6537646e-08	33.476593	-0.0037909355	-26.304413	0.49653125	0.02004713	0.2782	13.0	506.11530900001526
226	57.0	29.683516	104.0	6.0	470.8889	2.330567	9.597953	57.407322	-5.630617	1135000	5.722046e-09	22.418528	-0.0040515345	-18.085278	0.5710096	0.00654897	0.0938	31.0	508.21292185783386
227	63.058823	27.021713	101.0	19.0	291.52942	6.5801935	13.033048	57.892242	0.05857116	1140000	3.6239625e-09	30.684843	-0.00126376	-25.530256	0.39089906	0.010817055	0.0658	3.0	510.3927969932556
228	58.210526	31.637053	109.0	1.0	215.94737	10.520677	13.096344	59.994297	0.13761431	1145000	-7.1525574e-10	62.780186	-0.008000843	-50.542297	0.37360206	0.023954608	0.101	6.0	512.4991979598999
229	59.333332	21.59218	85.0	15.0	483.44446	9.907166	11.845386	55.19354	-1.0522357	1150000	6.67572e-10	59.0164	-0.0042370167	-51.095734	0.43007168	0.020097587	0.1362	13.0	514.5357890129089
230	76.22222	41.967655	119.0	1.0	488.44446	5.949204	11.393187	60.865627	-1.1014662	1155000	5.0210954e-08	24.831587	-0.001639076	-20.424582	0.23919961	0.015109134	0.044	4.0	517.2405869960785
231	51.0	33.401142	106.0	3.0	397.81818	4.826298	10.030549	65.21781	-0.23347771	1160000	1.373291e-08	20.044497	-0.015016977	-15.933609	0.44975582	0.013721045	0.0744	79.0	519.7993640899658
232	59.0	36.351067	130.0	1.0	431.0	4.0722866	9.813085	63.31247	-0.37228113	1165000	-1.4877319e-08	20.46414	-0.009931193	-15.05452	0.6663248	0.008270366	0.09	79.0	522.1833138465881
233	64.77778	23.536156	104.0	38.0	540.7778	9.821169	12.120719	62.48912	-0.51884985	1170000	6.5898895e-08	71.405235	-0.0075640674	-62.22415	0.4690625	0.0064712013	0.11	31.0	524.2946939468384
234	53.9	23.462523	91.0	4.0	435.7	2.7077103	9.922619	62.747356	-5.9087753	1175000	5.531311e-09	13.67225	-0.0025706666	-10.076051	0.5177411	0.0053545875	0.1216	3.0	526.251770734787
235	66.53846	34.071453	135.0	3.0	353.76923	6.2163787	15.59519	59.407997	-2.4200165	1180000	-5.340576e-09	12.8807535	-0.0031745858	-7.563747	0.45985624	0.018938519	0.0972	6.0	528.3099248409271
236	60.272728	33.56159	128.0	5.0	399.63635	6.894696	13.597082	67.273506	-0.54362917	1185000	-5.722046e-10	22.287996	-0.0073737255	-18.681925	0.38499606	0.007980534	0.085	79.0	530.7042689323425
237	57.454544	31.163393	104.0	12.0	409.36365	7.229025	10.879782	59.352493	-0.13319308	1190000	-1.2397766e-08	38.536774	0.013112706	-32.577225	0.32339418	0.028224707	0.1428	7.0	532.6985719203949
238	60.22222	22.044287	87.0	6.0	519.8889	7.0084033	10.624235	57.071	-0.171314	1195000	-3.271103e-08	35.59578	-0.0039814743	-30.247736	0.5976896	0.012839307	0.0862	9.0	534.7126641273499
239	48.1875	20.619223	85.0	17.0	283.875	4.4588504	10.399029	52.02163	-2.4861257	1200000	-4.9591065e-09	14.216628	-0.01443253	-8.077549	0.54796463	0.0087993415	0.1044	79.0	537.1196229457855
240	60.0	33.78757	107.0	9.0	443.9	9.166782	11.366021	62.57169	-0.21314031	1205000	7.343292e-09	42.183556	-0.010546858	-35.710346	0.40194818	0.005282399	0.036	79.0	540.0597579479218
241	71.8	36.858646	125.0	1.0	444.0	5.175132	9.932344	56.427082	-0.08915478	1210000	-3.414154e-08	31.037893	-0.0048555913	-27.630991	0.6541167	0.0068570846	0.1048	17.0	542.1054110527039
242	72.25	38.466705	139.0	13.0	540.875	10.270799	10.972244	61.50703	-1.7071218	1215000	-4.348755e-08	58.50365	-0.0063780826	-49.395756	0.4962578	0.021919949	0.1034	19.0	544.1502110958099
243	45.81818	25.65441	102.0	12.0	389.72726	3.8806782	8.813888	63.883965	-1.0222223	1220000	1.2397766e-08	13.2145	-0.008070496	-8.623204	0.3470743	0.0033141337	0.0358	79.0	546.5072598457336
244	65.55556	39.319523	134.0	19.0	471.1111	3.0642354	10.189257	59.646572	-0.9734037	1225000	2.9563905e-09	21.772469	-0.0026640177	-18.454716	0.6688665	0.015314205	0.1742	3.0	548.4563357830048
245	81.46667	35.360744	153.0	25.0	272.33334	14.194241	15.475778	61.060883	-0.04776728	1230000	-1.1730194e-08	84.55865	-0.0012520638	-75.28091	0.62192607	0.009410261	0.0554	4.0	550.4646558761597
246	59.85	30.032108	105.0	1.0	210.2	11.29561	15.946554	70.34778	-1.791806	1235000	2.4795533e-08	43.200836	-0.008591185	-36.36969	0.33179337	0.0042619496	0.0728	79.0	552.8830049037933
247	69.35714	31.71887	117.0	17.0	338.14285	7.893936	13.941406	65.81096	-0.75104713	1240000	1.0967255e-08	25.053127	-0.00393888	-17.794687	0.62666297	0.006470966	0.0932	6.0	554.9199819564819
248	57.444443	25.307493	106.0	15.0	274.83334	7.059247	13.014251	71.40785	-1.3668277	1245000	-6.742477e-08	16.56641	-0.009003772	-11.24034	0.4023879	0.0063867797	0.0468	79.0	557.3363950252533
249	64.545456	21.025368	93.0	22.0	410.72726	4.556404	11.792936	63.627075	-1.8425055	1250000	-8.010864e-09	22.500528	-0.010696371	-16.981894	0.42961368	0.0064295805	0.0864	79.0	559.7864377498627
250	52.25	27.404758	104.0	5.0	363.58334	4.2813506	9.695577	54.50231	-0.6394585	1255000	2.69413e-09	12.297017	-0.008177602	-8.265535	0.38244733	0.013075688	0.056	18.0	562.4750950336456
251	110.2	21.98545	143.0	88.0	818.0	8.5127535	13.796252	63.733223	-0.24709177	1260000	2.3841857e-09	40.159058	-0.007005222	-35.437336	0.2083657	0.01698787	0.061	30.0	564.5953967571259
252	59.083332	38.167305	128.0	3.0	365.25	9.271612	14.037416	67.72026	-5.781207	1265000	-1.2397766e-09	49.719376	-0.005512543	-44.95715	0.21953072	0.02755373	0.1238	9.0	566.6067907810211
253	41.0	13.594116	62.0	17.0	434.8	2.2456396	6.807031	52.90615	-1.4670969	1270000	-4.9591065e-09	19.746592	-0.0108874515	-13.200005	0.465028	0.0075146575	0.067	79.0	569.0310490131378
254	47.6	19.448393	76.0	17.0	428.0	4.133443	7.096666	36.999477	-0.92032135	1275000	7.915497e-09	20.036592	-0.009169702	-12.177708	0.22111216	0.0029471025	0.0308	79.0	571.5634028911591
255	49.75	31.783447	123.0	1.0	245.05	6.0983243	10.796535	56.182373	0.17183739	1280000	6.4849854e-09	23.060154	-0.0035345512	-14.395362	0.42004442	0.008759589	0.1186	10.0	573.71550989151
256	57.090908	26.874979	109.0	12.0	418.18182	5.199289	10.01507	56.88253	-0.72957337	1285000	2.269745e-08	12.962078	-0.009954644	-7.9006166	0.29046407	0.011918564	0.0516	73.0	576.0956900119781
257	52.235294	31.688799	107.0	7.0	278.82352	6.336651	12.328028	66.348816	-0.30876338	1290000	-2.2363663e-08	29.253931	-0.009266277	-23.271769	0.395226	0.0026062871	0.0468	79.0	578.4947850704193
258	73.2	25.956886	115.0	47.0	1000.0	3.6284022	11.025836	79.50166	-0.8825047	1295000	-2.5749207e-09	14.219232	-0.009051158	-12.027911	0.28325436	0.0066525834	0.0544	79.0	580.9801199436188
259	58.909092	32.069397	124.0	5.0	398.27274	3.8207593	11.527353	57.54262	-1.3331195	1300000	-4.005432e-09	17.16647	-0.0093401205	-12.628799	0.4240482	0.0059793373	0.0422	79.0	583.5263018608093
260	65.583336	29.181782	117.0	23.0	385.41666	6.087988	12.721567	64.1867	-0.5371178	1305000	-6.6757204e-09	16.275835	-0.008095197	-10.993338	0.33019093	0.004914022	0.0448	79.0	586.5899829864502
261	51.9	35.924786	118.0	1.0	245.1	5.6622653	14.101657	63.48061	-1.3815296	1310000	9.536743e-09	17.190891	-0.006056091	-11.540648	0.59991413	0.013295492	0.1658	10.0	588.6801631450653
262	61.8	16.521502	89.0	38.0	446.7	13.114926	14.360045	62.099464	-0.5639774	1315000	2.4414062e-08	119.63432	-0.009169488	-108.50841	0.24750903	0.009331694	0.0484	79.0	591.0975759029388
263	75.07692	37.072617	144.0	29.0	373.46155	10.210147	14.080013	59.51366	-2.3981543	1320000	5.0735473e-08	56.07375	-0.012524506	-44.959946	0.19785994	0.004780112	0.0674	79.0	593.4994750022888
264	50.36842	36.455032	151.0	3.0	258.8421	7.725711	13.233908	64.41325	-1.9511619	1325000	6.9141386e-09	32.781555	-0.011459068	-25.4066	0.3212937	0.01080372	0.1228	79.0	595.9235348701477
265	50.666668	31.233885	120.0	18.0	379.66666	3.813325	10.576616	69.87778	-0.49948764	1330000	1.9073486e-10	12.463053	-0.010183697	-8.353895	0.18915503	0.0029234218	0.0514	79.0	598.3021769523621
266	56.8125	30.334013	139.0	16.0	293.9375	8.43398	14.384992	68.555885	-0.6465435	1335000	-5.531311e-09	19.255844	-0.006953549	-13.800477	0.17326166	0.00068101415	0.0308	79.0	600.8075468540192
267	73.36364	24.06534	107.0	37.0	411.63635	7.1857295	14.116582	68.68308	-0.122721255	1340000	5.1403045e-08	17.321379	-0.017896786	-11.806423	0.20291401	0.0135292495	0.063	79.0	603.2486338615417
268	49.555557	21.224258	81.0	6.0	504.66666	9.006626	11.30497	69.597946	0.012719393	1345000	3.1089783e-08	76.94425	-0.0010044908	-69.816345	0.43932188	0.011935546	0.1728	3.0	605.2331628799438
269	62.75	32.27002	117.0	2.0	382.58334	4.8115726	10.186719	59.1197	0.06700957	1350000	-9.346008e-09	20.347906	-0.006219899	-15.414925	0.23273638	0.012298615	0.074	21.0	607.425891160965
270	46.77778	39.544003	120.0	4.0	473.55554	6.668791	12.45075	62.39839	-3.7466178	1355000	1.3351441e-08	46.327793	-0.006460372	-40.097897	0.3607643	0.0048037325	0.0466	43.0	610.6001930236816
271	70.15385	27.886711	109.0	17.0	359.6154	9.237158	13.833543	62.373505	-1.2965776	1360000	-6.7710877e-09	41.49382	-0.016160155	-32.45804	0.27125692	0.019542748	0.1118	32.0	612.9128539562225
272	52.88889	23.923231	97.0	20.0	470.33334	4.1233606	9.610692	52.6988	-3.0864549	1365000	-9.155274e-09	11.742919	-0.010078165	-7.655403	0.2550186	0.010000618	0.0652	79.0	615.549633026123
273	50.166668	25.350323	91.0	5.0	364.66666	3.2350645	9.146015	61.82643	-4.3589396	1370000	-1.3065338e-08	14.050255	-0.008289271	-9.871649	0.383389	0.01417946	0.0566	16.0	617.7874059677124
274	73.5	43.451122	140.0	8.0	596.875	4.9279633	12.367536	59.875313	-4.7411056	1375000	1.2969971e-08	15.669099	-0.0037767887	-11.213905	0.51039934	0.014550937	0.128	7.0	619.8348278999329
275	64.0	35.608986	123.0	11.0	319.53333	9.378003	14.891134	63.962555	-5.056611	1380000	-3.4332275e-09	37.486027	-0.002653504	-28.473505	0.23664287	0.022359315	0.0602	4.0	621.8490369319916
276	68.71429	26.905731	115.0	18.0	337.85715	9.898468	13.78888	63.907738	-4.232346	1385000	1.4972686e-08	43.46418	-0.008373024	-34.952446	0.347669	0.016553335	0.0396	42.0	624.02751994133
277	61.0	33.108635	128.0	26.0	406.63635	10.085827	11.975989	67.442535	0.058111906	1390000	-2.002716e-08	78.924225	-0.010550815	-69.80175	0.18697207	0.015129003	0.0438	79.0	626.4467799663544
278	69.38461	17.60043	97.0	33.0	364.46155	8.535514	13.347657	65.992165	-0.38958776	1395000	1.2989044e-07	37.551212	-0.017577939	-28.028482	0.30198216	0.041326903	0.0628	20.0	628.561784029007
279	63.285713	28.646687	122.0	5.0	335.7857	7.310027	13.867542	63.86447	-0.28343773	1400000	-9.822846e-09	23.52002	-0.011114107	-16.970045	0.47038615	0.009416901	0.0414	79.0	631.0632257461548
280	68.625	28.744293	107.0	29.0	531.375	5.842323	11.457207	58.979507	-0.33639884	1405000	1.4305115e-10	30.038525	-0.0076663797	-22.856712	0.28503102	0.019576477	0.0584	23.0	633.8127589225769
281	55.375	27.735075	114.0	21.0	521.875	3.3954687	8.491352	63.32907	-0.8954726	1410000	-8.773804e-09	12.482645	-0.011880985	-8.754103	0.34639186	0.0051305625	0.0418	79.0	636.1651039123535
282	55.133335	31.605627	111.0	9.0	316.46667	10.235623	12.413243	60.53455	0.41213346	1415000	1.373291e-08	45.85527	-0.011081493	-40.16702	0.29058287	0.009274298	0.0594	79.0	638.5837020874023
283	64.21429	35.472683	108.0	0.0	340.14285	16.732225	21.443834	64.33631	-2.0387716	1420000	-1.373291e-07	433.6717	-0.0059088487	-404.0981	0.28798023	-0.00048329233	0.0672	79.0	641.0194690227509
284	51.142857	32.04875	120.0	15.0	330.2143	8.017113	9.753268	52.193085	0.16376919	1425000	3.2424927e-09	38.890663	-0.010371148	-30.360033	0.36004323	0.038128093	0.077	18.0	643.0686888694763
285	53.5	25.553865	96.0	24.0	532.625	6.27616	7.619283	54.324226	0.23625231	1430000	0.0	30.489706	0.021299412	-26.386124	0.6584731	0.03551154	0.2404	1.0	644.9905488491058
286	57.125	19.231728	71.0	11.0	531.25	8.343202	8.840307	46.573536	-8.541782	1435000	5.340576e-09	56.514137	-0.0027991964	-48.789345	0.3950272	0.008582889	0.1242	18.0	647.1101529598236
287	63.294117	30.095465	114.0	21.0	287.17648	9.749112	13.389083	61.679287	-3.3784704	1440000	1.4972686e-08	58.85115	-0.010504719	-45.55708	0.28165805	0.016977644	0.0612	39.0	649.4351317882538
288	80.9	41.154465	159.0	19.0	452.5	10.526637	14.670031	61.99455	0.70302045	1445000	-4.386902e-09	46.076157	-0.0054422827	-36.46196	0.55712533	0.012556944	0.0796	11.0	651.5085728168488
289	25.8	5.8446555	34.0	17.0	803.8	0.9509342	2.626632	38.613514	0.3419286	1450000	-9.155274e-09	3.4957664	0.05071428	-1.768316	0.53945965	0.17094707	0.4792	1.0	653.60134100914
290	66.0	40.32369	149.0	10.0	529.0	4.100255	12.321992	63.612785	-3.065438	1455000	3.4332275e-09	19.171497	0.034486122	-14.603079	0.5795719	0.2321528	0.2844	1.0	656.3022708892822
291	62.5	23.837996	106.0	41.0	548.125	12.571022	11.841692	60.027218	-2.3638308	1460000	-8.778572e-08	125.6025	0.0043300395	-114.38805	0.26803893	0.015639357	0.05	2.0	658.2625160217285
292	63.333332	23.321424	107.0	30.0	692.5	2.6422207	8.430186	63.448162	-0.060574174	1465000	-3.528595e-09	8.829439	-0.003095004	-6.155153	0.24718222	0.018069584	0.082	9.0	660.2323930263519
293	76.818184	40.539135	145.0	9.0	427.9091	6.5787115	14.718577	60.19733	0.077497184	1470000	-1.5258789e-09	20.4312	-0.011797744	-14.583813	0.24337092	0.0047434615	0.0424	79.0	662.6151371002197
294	70.27273	17.352448	113.0	49.0	440.54544	8.56707	12.179928	64.13367	0.13533759	1475000	-1.0871887e-08	37.4864	-0.009587443	-29.851906	0.2420728	0.0064321076	0.0494	79.0	664.9664409160614
295	42.1	30.332985	104.0	1.0	444.3	7.260802	9.266893	59.98204	0.762414	1480000	9.346008e-09	37.9219	0.0035834678	-31.530405	0.30195737	0.03450023	0.2024	14.0	666.9657430648804
296	62.363636	39.71323	134.0	9.0	398.0	7.2662334	10.939091	64.26992	0.75348413	1485000	-2.450943e-08	33.215755	-0.004128948	-27.906109	0.34135938	0.027907513	0.1288	19.0	669.0406970977783
297	52.666668	36.411232	109.0	0.0	498.44446	4.4383454	9.788836	63.08127	-0.43572074	1490000	1.935959e-08	16.765017	-0.008389617	-11.961997	0.48128226	0.002863547	0.0524	79.0	671.400130033493
298	61.454544	38.71895	130.0	11.0	403.0909	4.5898304	12.799269	65.624565	-2.4947753	1495000	-9.374619e-08	18.304766	-0.01530292	-12.4334345	0.43298838	0.008404167	0.1002	79.0	673.7216489315033
299	64.55556	25.565214	108.0	33.0	487.44446	6.7859883	12.708196	60.940514	-0.13279319	1500000	-2.861023e-09	29.14989	-0.013105881	-21.776861	0.21177234	0.01369217	0.0554	76.0	676.1831369400024
300	56.0	31.585382	106.0	21.0	422.27274	4.7412977	10.342266	62.52013	0.36018044	1505000	-7.772446e-09	17.887026	-0.014136603	-11.042744	0.3738687	0.008271985	0.068	79.0	679.4636468887329
301	67.71429	41.636913	152.0	14.0	591.4286	4.5126524	13.351302	69.33653	-7.545543	1510000	-1.6212464e-08	9.7265415	-0.014422057	-6.743018	0.2825476	0.010253381	0.0622	79.0	681.9536030292511
302	59.555557	31.066635	136.0	32.0	490.22223	6.079943	11.378537	68.774734	-2.7756515	1515000	-4.577637e-09	33.77642	0.0005648989	-29.70604	0.24703057	0.01956135	0.0784	15.0	684.0364599227905
303	51.52941	31.139378	115.0	1.0	289.7647	7.710053	12.296085	69.627716	-5.655547	1520000	-1.6117095e-08	19.998383	-0.008868723	-13.111487	0.45561832	0.0097865425	0.0748	35.0	686.431578874588
304	64.25	29.264954	120.0	31.0	544.375	3.893696	9.680817	50.080223	-1.2862852	1525000	1.1777878e-08	9.42053	-0.0055504534	-7.028458	0.5365207	0.007610742	0.073	47.0	688.7052040100098
305	60.23077	33.802944	118.0	15.0	352.3846	8.487332	13.151713	67.01051	-3.190746	1530000	7.629395e-09	37.716434	-0.010442357	-30.781029	0.29114643	0.012837529	0.0472	72.0	691.1397960186005
306	66.42857	32.686203	134.0	10.0	304.57144	8.995158	13.3113575	62.0275	-2.6606252	1535000	3.1280518e-08	36.97725	0.063691	-27.600048	0.50152385	0.2174251	0.2226	1.0	693.2588489055634
307	40.0	25.624207	87.0	1.0	454.0	3.417672	9.025575	62.600185	-4.097419	1540000	1.1444092e-09	9.1081085	0.013926106	-6.708569	0.38440087	0.07602565	0.253	1.0	695.246279001236
308	66.27273	32.19286	122.0	24.0	405.81818	8.27235	10.880575	60.751392	0.011383414	1545000	0.0	32.670456	0.011740568	-25.350685	0.4777058	0.01729238	0.126	1.0	697.2663989067078
309	61.153847	24.61971	100.0	15.0	326.3846	6.656383	11.052833	59.657497	0.056094944	1550000	-1.373291e-08	19.949469	0.015925232	-12.852461	0.43026024	0.13631989	0.1778	1.0	699.4018609523773
310	54.7	21.50837	97.0	23.0	457.0	6.153125	10.228821	67.58644	-5.508047	1555000	-1.2207031e-08	15.937541	-0.0023705643	-12.216965	0.4649212	0.012738428	0.1208	4.0	702.1635100841522
311	61.42857	43.562294	135.0	14.0	601.2857	6.636372	9.982707	62.327282	0.29208577	1560000	1.2397766e-09	32.029686	-0.0115154	-26.790144	0.36881527	0.017820152	0.0736	72.0	704.6482670307159
312	56.8	18.749933	92.0	34.0	440.5	3.2333975	9.378249	60.658684	-0.43139595	1565000	3.6239625e-09	12.274796	-0.011983012	-8.219473	0.50840116	0.0037357311	0.0764	79.0	707.1125240325928
313	65.28571	44.119045	118.0	1.0	579.0	13.524177	14.450187	64.267784	0.38672668	1570000	-6.67572e-08	182.75957	0.032703076	-169.36995	0.7311034	0.077237174	0.3532	3.0	709.1338739395142
314	57.25	30.190023	109.0	7.0	302.3125	7.145764	11.942994	64.627975	-0.29834533	1575000	-1.7166137e-08	37.99078	0.0049800654	-26.559744	0.48657423	0.035973076	0.1326	1.0	711.1485087871552
315	46.17647	28.33463	98.0	0.0	288.7647	19.091074	19.465069	62.3056	-1.4192934	1580000	4.3420792e-07	465.5035	0.011802588	-399.89835	0.35560858	0.031379048	0.109	4.0	713.1515688896179
316	67.71429	30.667406	98.0	1.0	590.8571	5.439123	8.394227	50.36097	0.2739957	1585000	7.820129e-09	31.421135	-0.007277309	-25.395355	0.21312161	0.03188292	0.0754	26.0	715.3369238376617
317	84.375	26.210386	115.0	39.0	541.5	6.369185	10.728255	51.132034	-1.8195047	1590000	-5.3644182e-09	47.97642	-0.0059309127	-37.59431	0.5950208	0.013728641	0.1046	24.0	717.4630441665649
318	60.0	29.929918	135.0	27.0	446.3	4.4671197	11.731278	58.76661	-4.841951	1595000	-5.4836273e-09	17.963467	-0.011463063	-10.448366	0.3045716	0.007258738	0.0478	79.0	720.0163578987122
319	49.25	29.192251	117.0	22.0	588.0	5.374471	10.442227	56.447952	-4.138307	1600000	-6.866455e-09	21.028069	0.003199856	-16.35262	0.779746	0.03345979	0.195	1.0	722.2453339099884
320	56.0	43.76561	125.0	1.0	579.7143	5.520726	10.4636135	53.48292	-8.251131	1605000	3.0994414e-08	45.762745	-0.0013212048	-36.977776	0.4547705	0.027380124	0.2208	5.0	725.1590168476105
321	65.5	30.313639	107.0	22.0	695.6667	5.702904	9.666415	58.47921	0.31673014	1610000	-2.8514862e-08	17.528929	0.011819355	-13.545235	0.7275006	0.045706812	0.4168	1.0	727.1435110569
322	54.57143	18.546137	80.0	24.0	596.2857	3.3528988	7.939593	51.277367	-0.1527667	1615000	3.0517577e-09	9.491839	-0.00687412	-6.582925	0.31952232	0.015925366	0.0698	26.0	729.2052941322327
323	67.61539	36.916824	138.0	3.0	359.92307	10.163758	14.02239	57.542496	-10.068204	1620000	-8.5830687e-10	51.092663	-0.0135795735	-39.556927	0.3076854	0.0047497456	0.0538	79.0	731.6003777980804
324	41.363636	32.803196	106.0	1.0	400.18182	5.466075	8.700661	60.78533	-0.15067583	1625000	-1.5306473e-08	17.236504	0.0003752132	-14.089612	0.46877432	0.014075133	0.2678	3.0	733.8355650901794
325	69.78571	31.884117	115.0	3.0	338.5	11.449722	15.917323	60.235718	-1.212909	1630000	-4.708767e-09	86.70024	0.008483249	-70.2426	0.21817356	0.027378568	0.0784	2.0	736.2514140605927
326	58.076923	35.34982	140.0	11.0	343.3846	5.149324	11.837609	59.996784	-2.1887465	1635000	1.9073486e-10	10.918892	-0.008727298	-7.7116404	0.38864243	0.009050218	0.0892	79.0	738.8577289581299
327	66.28571	23.980434	97.0	29.0	603.1429	5.614327	11.131268	55.014835	-3.2527184	1640000	-2.4414062e-08	16.222563	-0.013250987	-13.379747	0.163436	0.006515241	0.051	79.0	741.4794030189514
328	59.1875	36.495235	130.0	8.0	298.625	10.50654	13.245769	61.45589	0.20654017	1645000	1.5640259e-08	48.12658	-0.0085608605	-36.370895	0.18572825	0.00704262	0.0448	79.0	744.163834810257
329	64.545456	29.127817	111.0	19.0	411.54544	6.857646	11.085027	57.33634	-1.7788999	1650000	-7.247925e-09	19.50942	-0.012907778	-11.747433	0.24736992	0.0040228157	0.0396	79.0	746.5883769989014
330	64.166664	42.258793	135.0	4.0	377.33334	6.6631117	13.92572	64.09951	-0.5545772	1655000	1.1825562e-08	18.888927	-0.011531531	-13.975942	0.23563902	0.015766917	0.0668	52.0	749.6135728359222
331	63.07143	30.730312	121.0	5.0	332.64285	7.118383	12.357286	58.93303	-1.179189	1660000	-1.6975402e-08	31.128735	-0.005822538	-24.286282	0.33325133	0.015262776	0.0788	18.0	752.0815501213074
332	63.615383	32.03733	112.0	20.0	351.6154	6.087062	12.739021	59.691998	-0.30341202	1665000	2.6226044e-08	14.468781	-0.012047007	-8.283121	0.15674081	0.016390981	0.045	71.0	754.4620380401611
333	55.25	19.314825	85.0	20.0	271.375	10.555463	11.199594	68.042366	-0.74410844	1670000	1.9836426e-08	43.664314	-0.0064816233	-32.90043	0.3016963	0.016590651	0.0918	12.0	756.8016209602356
334	48.22222	26.241518	83.0	9.0	472.55554	3.5961847	9.197418	59.348564	-3.7699857	1675000	2.2888185e-09	10.880823	-0.0060098986	-8.148989	0.2910707	0.0199486	0.0608	9.0	758.8146119117737
335	72.13333	37.252056	144.0	1.0	324.26666	18.615307	12.826059	54.739044	-2.9998455	1680000	-4.4822692e-09	199.60791	-0.0060048047	-178.36528	0.23534395	0.026225049	0.1808	19.0	760.9815821647644
336	46.866665	29.154455	107.0	11.0	319.4	8.438786	10.384028	60.284157	-3.5219457	1685000	2.1457673e-08	51.192036	0.0021528117	-42.926575	0.3674092	0.032175146	0.0954	20.0	763.39910197258
337	50.35294	29.899717	105.0	13.0	273.58823	4.980613	12.36755	59.580162	-5.8584213	1690000	-6.008148e-09	21.75071	-0.0129875615	-15.606859	0.3278077	0.007872678	0.0558	79.0	765.9793529510498
338	56.77778	23.097752	101.0	17.0	480.66666	9.081042	10.838799	56.913548	-1.590013	1695000	-2.9373169e-08	63.1895	-0.0038705578	-56.498196	0.39659902	0.024618655	0.0676	17.0	768.3805270195007
339	59.5	26.484272	106.0	1.0	388.33334	6.081779	11.320808	55.308346	-5.389196	1700000	4.787445e-08	39.29073	-0.0023762903	-31.19638	0.27380165	0.023122132	0.0452	4.0	770.7162718772888
340	54.363636	31.729748	121.0	5.0	188.27272	9.886864	13.748536	60.309315	-0.965773	1705000	-1.2397766e-09	31.476757	-0.0123926485	-21.479002	0.22124763	0.0057879677	0.0468	79.0	774.1392331123352
341	55.85	29.727552	114.0	1.0	246.05	9.324231	12.852401	58.944347	-0.8474901	1710000	-4.7683715e-09	24.150545	-0.011030985	-16.933556	0.29449806	0.009218115	0.0888	79.0	777.1327080726624
342	68.0625	26.411335	116.0	30.0	303.875	8.864997	14.38061	59.1005	-1.5063074	1715000	2.4795532e-09	24.754166	-0.011198341	-13.827303	0.3390078	0.007769176	0.0538	79.0	779.6723310947418
343	60.18182	32.984344	116.0	16.0	413.81818	11.291203	10.245863	55.751457	-0.6748305	1720000	1.5735626e-08	103.15405	0.015849555	-92.53171	0.4191074	0.047116242	0.2396	5.0	781.7771661281586
344	54.75	29.575117	115.0	22.0	373.58334	8.74124	12.261129	62.109146	-2.8671544	1725000	-8.106232e-09	55.857613	-0.0058636544	-45.5999	0.310571	0.006544866	0.0678	12.0	783.8338150978088
345	53.18182	27.554304	93.0	14.0	417.18182	6.198652	8.513139	54.67819	-1.7202321	1730000	2.6130676e-08	26.083113	-0.00898731	-19.454556	0.20208883	0.018908652	0.0584	38.0	786.1843509674072
346	55.25	36.341263	147.0	11.0	368.25	6.3472834	12.803468	60.1026	0.21497488	1735000	-2.670288e-09	19.303919	-0.011698722	-11.894173	0.579616	0.007244017	0.0802	79.0	788.5567679405212
347	50.24	31.083475	137.0	2.0	169.68	6.4297156	13.719164	60.844585	-3.0821452	1740000	1.8453598e-08	37.228252	-0.012468065	-27.10015	0.4001564	0.007350634	0.0614	79.0	790.9874920845032
348	70.666664	35.839767	143.0	-1.0	331.06668	12.638539	15.11051	58.30828	-5.506754	1745000	-1.7547608e-08	75.85975	-0.006570675	-65.36101	0.51774514	0.017560465	0.1872	11.0	793.0578911304474
349	57.6	36.84526	131.0	1.0	309.4	7.43779	12.717282	59.017807	-0.7324965	1750000	-1.1730194e-08	49.17256	-0.012071044	-41.513893	0.31337118	0.0058985874	0.0514	79.0	795.5189800262451
350	57.5	32.493404	126.0	1.0	328.92856	8.70962	13.64818	60.671875	0.2615152	1755000	-1.4305115e-10	30.533112	-0.009621795	-22.40441	0.3112719	0.021566788	0.0466	22.0	798.420637845993
351	61.764706	27.59695	127.0	1.0	290.70587	17.96294	11.837851	56.99378	-2.5936985	1760000	-2.6702882e-08	197.3737	-0.013941149	-177.16975	0.22807617	0.023322074	0.0698	42.0	800.8656139373779
352	53.22222	32.323975	110.0	1.0	258.77777	7.884421	12.893796	57.362293	-3.3201537	1765000	8.010864e-09	30.348797	-0.0049905847	-22.15828	0.3065502	0.018379733	0.13	8.0	802.9755048751831
353	62.714287	11.259463	87.0	47.0	606.2857	1.5563034	10.062937	52.168736	-3.5048246	1770000	1.1444092e-08	12.104987	-0.01104273	-6.7244816	0.3048365	0.006342121	0.043	79.0	805.5268678665161
354	54.733334	35.89701	139.0	10.0	322.4	5.5883555	13.949746	52.913353	-2.4473379	1775000	-1.6593933e-08	20.017067	-0.009438028	-10.534357	0.25278452	0.03379922	0.0918	20.0	807.6509177684784
355	63.5	25.28669	118.0	27.0	382.91666	7.271734	14.733236	64.07224	-0.61794585	1780000	1.5163423e-08	20.8776	-0.009878687	-11.65293	0.3153478	0.0065500154	0.05	79.0	810.2796909809113
356	59.22222	19.970966	108.0	37.0	482.66666	4.5690885	11.2184515	66.49805	0.15098262	1785000	1.9073487e-09	10.5831	-0.013426618	-6.0193853	0.2866996	0.01211972	0.0422	79.0	813.0247061252594
357	57.615383	34.803932	122.0	20.0	353.69232	5.706304	12.48021	61.09467	-0.13130122	1790000	2.3174286e-08	16.992104	-0.004187655	-10.711975	0.47684854	0.0075873323	0.0528	5.0	815.3343570232391
358	67.083336	42.01281	147.0	1.0	375.5	12.635287	16.49909	65.60884	-0.8908999	1795000	-4.3058396e-08	95.082535	-0.012082394	-83.40141	0.3095959	0.0102256555	0.1308	79.0	818.2297079563141
359	69.4	27.052542	116.0	33.0	1000.0	3.9214597	8.538887	59.863102	-0.7578771	1800000	5.41687e-08	14.866881	-0.009052842	-12.781012	0.27183902	0.058320075	0.059	3.0	820.2706558704376
360	55.94737	36.60525	135.0	9.0	255.63158	13.906406	16.274515	67.31039	-1.4380987	1805000	-4.196167e-09	98.38342	-0.012786732	-85.070694	0.2723418	0.015818132	0.063	75.0	823.4866518974304
361	52.76923	33.017838	94.0	1.0	343.84616	4.884143	9.945253	54.94247	-1.6266872	1810000	-1.0204316e-08	28.33579	-0.00821572	-21.378138	0.24305017	0.0043902267	0.053	79.0	825.9225399494171
362	77.14286	28.447586	102.0	14.0	597.7143	8.624389	12.391544	64.68671	0.32506877	1815000	6.1035155e-09	37.115788	0.00078496244	-31.2979	0.2880974	0.02605185	0.0612	6.0	827.9517970085144
363	58.933334	44.350822	130.0	1.0	320.66666	8.169328	16.006832	63.55274	-0.4272893	1820000	-1.0299683e-08	31.81272	-0.008023301	-26.45993	0.42278862	0.008949132	0.0714	79.0	830.4511680603027
364	52.545456	34.81996	116.0	10.0	398.72726	9.453438	13.058237	66.0487	0.037991345	1825000	-1.0490417e-09	90.53319	-0.00746961	-79.35311	0.25133985	0.0030233772	0.075	79.0	832.8561987876892
365	72.22222	22.860825	100.0	39.0	500.0	6.8531265	12.653243	60.77019	0.56533563	1830000	1.7004012e-07	33.39884	-0.0068940353	-26.690517	0.35506123	0.01655737	0.0288	5.0	834.8312368392944
366	61.2	34.1022	124.0	1.0	448.3	7.164222	10.649572	54.900154	0.27945977	1835000	1.3065338e-08	27.57207	-0.006539971	-22.17501	0.37794602	0.027071686	0.1738	9.0	836.859689950943
367	52.6	23.888073	97.0	32.0	809.2	2.0717742	6.174789	47.093307	0.44695336	1840000	-5.0544737e-09	5.502466	-0.007193571	-2.2774608	0.13877589	0.0014958627	0.0244	79.0	839.2553668022156
368	74.57143	19.055237	114.0	57.0	611.8571	5.1805634	11.154448	58.233532	-5.44736	1845000	1.9073486e-10	14.963733	-0.008700556	-9.760319	0.36020195	0.00567783	0.1014	79.0	841.8319118022919
369	64.23077	30.268423	115.0	11.0	352.46155	5.751139	13.614287	60.138706	-0.7400238	1850000	-9.536743e-11	9.800511	-0.0028739925	-4.10486	0.39056242	0.017522082	0.1798	5.0	843.8672049045563
370	59.166668	37.920605	128.0	12.0	372.58334	7.587429	13.550804	64.10971	-5.476787	1855000	-1.6212464e-08	33.336555	-0.011057684	-27.659744	0.20471245	0.008815082	0.049	79.0	847.1390640735626
371	46.17647	25.247562	102.0	9.0	289.0	6.2992687	12.724542	60.030804	-3.7274208	1860000	1.6403199e-08	17.925337	-0.010927432	-10.769079	0.33788124	0.006022134	0.0342	79.0	849.6762969493866
372	53.785713	24.96334	107.0	6.0	326.7857	7.1068225	11.429956	56.703396	-1.4714105	1865000	5.79834e-08	36.127617	-0.009451557	-28.655447	0.30224273	0.019381702	0.0682	22.0	851.789871931076
373	45.5	31.418943	104.0	1.0	238.9	9.783746	13.931466	64.07169	-5.331457	1870000	-2.3078918e-08	109.30199	-0.0052992725	-96.32619	0.35372618	0.013481964	0.0968	16.0	853.8357939720154
374	41.22222	32.220688	109.0	1.0	472.33334	6.1452026	10.382437	54.07372	-0.6474025	1875000	7.820129e-09	25.601755	-0.0032212532	-21.361065	0.3012862	0.0055960664	0.0428	8.0	855.7712650299072
375	67.181816	27.182274	117.0	36.0	415.63635	4.318499	10.794794	50.392647	-0.9525222	1880000	-2.6035309e-08	22.234085	-0.0013499148	-15.24383	0.2377002	0.028916394	0.148	2.0	857.7723488807678
376	53.333332	37.106457	130.0	8.0	371.41666	5.8922186	12.193614	55.56731	-0.26110703	1885000	1.3923645e-08	20.89229	-0.0093265	-15.012463	0.18232673	0.017485745	0.0388	23.0	859.8896000385284
377	49.785713	24.937576	90.0	5.0	335.2143	4.7798996	10.912164	53.899677	-5.056746	1890000	6.3180923e-09	16.252943	-0.014469278	-11.665699	0.17003511	0.0074284836	0.042	79.0	862.2511978149414
378	53.642857	32.69471	113.0	12.0	332.42856	6.454252	12.337768	56.830738	-0.87862676	1895000	-1.5211105e-08	22.198206	-0.014120577	-15.619232	0.16060458	0.008467634	0.053	79.0	864.64532995224
379	68.5	33.959534	140.0	21.0	300.9375	7.519528	14.789266	63.908108	-0.3787819	1900000	-1.9073487e-09	25.47722	-0.011548794	-18.535385	0.1590421	0.0050568916	0.0428	79.0	867.0723419189453
380	57.0	21.480888	99.0	21.0	597.0	5.5789785	7.6771464	48.092857	-1.5895591	1905000	3.528595e-08	23.927994	-0.0028340162	-20.157965	0.19921824	0.0015455482	0.019	9.0	869.8097438812256
381	36.5	9.937304	58.0	22.0	519.0	4.2991266	8.561962	61.06984	-0.6267841	1910000	-2.3503304e-07	32.94916	-0.012040526	-30.806942	0.12342595	0.011740872	0.0424	79.0	872.1432559490204
382	40.333332	26.512053	72.0	2.0	687.5	10.814175	7.8143325	49.644096	-0.28044575	1915000	2.0503998e-08	116.050186	0.0030590715	-108.767105	0.31129885	0.012307554	0.0732	5.0	874.1003770828247
383	76.625	29.214455	123.0	40.0	544.25	6.8457103	11.4232855	56.85475	-7.669456	1920000	-1.4305115e-09	25.15775	-0.01123999	-17.97508	0.12120762	0.016086008	0.0332	61.0	876.3517849445343
384	58.0	41.25692	126.0	1.0	329.26666	7.4044123	12.542974	63.089645	-1.975417	1925000	1.1253357e-08	27.897776	-0.004191519	-19.534855	0.1570736	0.034489885	0.1182	6.0	878.3482949733734
385	65.6	27.185291	128.0	26.0	435.2	4.444847	11.269219	55.742893	0.1196723	1930000	1.9931793e-08	14.479067	-0.010890531	-8.982771	0.17299402	0.010960147	0.0498	79.0	880.691477060318
386	51.8	17.255724	80.0	34.0	815.2	3.4280531	9.983236	59.84522	0.39294022	1935000	-3.519058e-08	16.131254	-0.0043521123	-11.874219	0.20688471	0.0065364647	0.0346	5.0	882.6092429161072
387	70.5	27.198345	108.0	12.0	541.75	5.444534	10.190009	54.771782	-1.8956238	1940000	-7.247925e-09	18.834578	-0.01027942	-15.763858	0.14004998	0.016183672	0.0434	53.0	884.8124859333038
388	53.4	26.829834	90.0	15.0	423.1	9.578254	8.891062	50.77059	0.31894714	1945000	2.193451e-09	53.62217	-0.002701552	-46.52448	0.5579681	0.011887421	0.0818	1.0	886.7275619506836
389	48.833332	22.652569	76.0	5.0	378.91666	11.528556	12.095109	58.99779	-0.8242427	1950000	-2.0217895e-08	119.08265	-0.008875195	-108.6494	0.33371866	0.0077782944	0.0914	79.0	889.1086001396179
390	43.5	17.464249	70.0	10.0	518.75	4.789638	7.8073673	48.65571	-0.2526561	1955000	-7.247925e-09	16.139946	-0.0012219283	-12.421648	0.35434833	0.011617869	0.0808	1.0	891.8003180027008
391	46.333332	24.87301	76.0	4.0	480.22223	3.160744	7.67769	54.93029	-4.1788487	1960000	-9.727478e-09	13.045477	-0.006185594	-7.859337	0.28428063	0.01632846	0.0358	24.0	893.8618369102478
392	58.666668	29.343748	106.0	8.0	377.25	7.0046673	12.190957	55.221718	-2.3273387	1965000	1.1444092e-09	42.176224	0.009475317	-33.783035	0.3194828	0.030726895	0.132	2.0	895.8227608203888
393	46.642857	28.942326	112.0	5.0	321.85715	8.478107	9.652708	53.32949	0.2807145	1970000	1.525879e-08	35.67484	-0.012037928	-29.123898	0.19478981	0.009627089	0.0596	79.0	898.2039618492126
394	60.545456	30.59817	108.0	17.0	409.81818	6.872277	14.242548	58.046455	-2.1079118	1975000	-1.2111664e-08	30.922606	-0.008457753	-22.320827	0.39586568	0.009066242	0.0482	79.0	900.6557910442352
395	48.46154	23.78951	93.0	0.0	345.92307	3.6938188	10.192824	53.191544	-3.6949253	1980000	3.4332275e-09	17.364115	-0.010861534	-13.457619	0.3594897	0.0053142845	0.082	79.0	903.0367739200592
396	54.454544	24.540741	102.0	21.0	433.27274	10.933756	12.106428	48.73866	-3.2592907	1985000	1.0681152e-08	114.5303	-0.013156718	-104.58453	0.2170025	0.01343294	0.0682	79.0	905.4714109897614
397	69.44444	33.210144	141.0	6.0	505.1111	11.883327	11.374085	49.056877	-2.8494756	1990000	1.783371e-07	106.57468	-0.009131658	-97.00001	0.22926752	0.006180851	0.0538	79.0	907.9001710414886
398	51.25	24.113014	89.0	1.0	294.375	7.117025	12.085969	56.17791	-1.0618768	1995000	-1.039505e-08	17.969091	-0.014907525	-12.847841	0.34222323	0.012665569	0.0434	79.0	910.430853843689
399	62.666668	34.230427	140.0	2.0	386.5	12.229979	13.055591	56.561832	-0.85678804	2000000	3.7288665e-08	122.875465	-0.016969698	-110.79647	0.15016368	0.017359188	0.0518	75.0	912.9119727611542
400	61.9	29.894646	118.0	24.0	457.0	7.045625	10.749298	56.389736	0.46007395	2005000	-3.0231476e-08	23.433756	-0.008764573	-17.280449	0.17365898	0.01681854	0.0344	33.0	915.9913730621338
401	66.09091	36.63196	126.0	13.0	402.81818	4.7190104	12.87441	69.088585	-1.2191389	2010000	8.5830685e-09	13.826537	-0.010700904	-9.401438	0.15128008	0.0034229043	0.0326	79.0	918.4431018829346
402	53.285713	14.713593	73.0	37.0	597.7143	14.536174	11.660903	58.201714	-0.3113374	2015000	-5.478859e-08	197.10191	-0.0062908563	-185.76419	0.16365477	0.018715326	0.0236	15.0	920.6902258396149
403	90.0	27.060778	146.0	60.0	608.0	9.751272	12.48397	51.92696	0.46365798	2020000	8.201599e-09	81.29791	-0.0048379786	-69.069595	0.31240636	0.019362384	0.0518	9.0	922.8131959438324
404	49.454544	25.790638	90.0	6.0	392.72726	12.074325	10.062672	53.46111	-2.8394396	2025000	4.196167e-09	158.74692	0.000651648	-143.0253	0.6970959	0.03545999	0.209	3.0	924.8768298625946
405	55.77778	25.96056	111.0	3.0	275.55554	14.610726	11.423904	56.37949	0.307298	2030000	-3.876686e-08	142.91296	-0.008960486	-129.01894	0.25941142	0.0025826718	0.0316	79.0	927.3579859733582
406	43.4	12.753038	59.0	24.0	806.4	7.7068734	6.034449	53.57489	2.2544982	2035000	-1.04427336e-07	55.5688	-0.0057089846	-50.082767	0.09646598	0.0273885	0.0144	6.0	929.4253540039062
407	54.25	21.82172	81.0	20.0	560.375	5.278047	12.510371	52.918526	-3.1165843	2040000	3.9100647e-09	64.42683	-0.00659698	-56.491528	0.4453584	0.018108161	0.083	14.0	931.6731870174408
408	53.416668	39.955097	126.0	7.0	411.0	7.9064517	10.962995	50.947655	-3.1156201	2045000	2.1839142e-08	64.79481	0.0015289821	-57.243267	0.34815088	0.02150456	0.061	3.0	933.6651740074158
409	43.0	25.258661	69.0	1.0	578.8571	3.823761	8.404895	49.03047	-3.8432703	2050000	1.0490417e-09	21.116627	-0.003908857	-15.656467	0.19819258	0.017592106	0.0414	25.0	935.8581387996674
410	40.545456	27.727123	92.0	1.0	419.45456	4.361896	10.397567	56.060413	-2.2978432	2055000	-7.05719e-09	19.89944	-0.0021943836	-13.474877	0.36940664	0.017354911	0.1164	5.0	938.6346318721771
411	58.285713	35.374382	107.0	-2.0	598.2857	5.6023436	10.465288	57.148766	-0.5123522	2060000	-2.002716e-08	25.274323	0.00035625897	-20.606117	0.51371497	0.008575097	0.081	1.0	940.8790719509125
412	55.416668	23.207249	90.0	17.0	377.91666	3.607961	9.201175	54.98975	-2.846202	2065000	-2.102852e-08	20.721458	-0.009699104	-14.83063	0.17081942	-0.0004143425	0.0316	79.0	943.4783179759979
413	65.5	22.68443	97.0	31.0	707.8333	6.9583907	9.839686	55.31907	-0.40849823	2070000	1.1320114e-07	53.939877	0.00047260322	-45.79188	0.26639813	0.027774341	0.0698	4.0	945.6746838092804
414	50.25	17.512495	76.0	12.0	543.125	4.9036446	8.839684	46.795517	-0.6545264	2075000	-2.3078918e-08	26.011003	0.020292085	-20.280264	0.60103387	0.038570203	0.2498	1.0	947.9829709529877
415	59.9	35.263153	127.0	10.0	437.1	8.7993965	8.947755	55.201572	-1.7850614	2080000	-3.0517577e-09	38.74496	-0.0074432828	-32.098675	0.09549442	0.0018029808	0.0196	79.0	950.8806519508362
416	64.166664	35.1943	109.0	13.0	393.75	7.9918814	13.230392	58.337162	0.91707385	2085000	-1.2207031e-08	23.408564	-0.002828386	-14.162223	0.3601011	0.014405755	0.0794	9.0	952.9838860034943
417	73.44444	32.283848	148.0	21.0	507.33334	6.9353924	11.794327	59.65641	-1.9015476	2090000	-1.8215179e-08	28.629887	-0.009231883	-20.908518	0.152253	0.005170894	0.0336	79.0	955.4678127765656
418	58.75	18.80215	92.0	33.0	380.83334	7.618061	11.91054	61.73768	-2.4413192	2095000	-1.27792354e-08	47.89787	-0.0023088895	-38.366074	0.29434267	0.01325506	0.0428	2.0	957.606369972229
419	50.666668	51.331165	129.0	0.0	689.6667	9.951461	9.881485	53.732483	-1.0931945	2100000	-4.2247773e-08	83.358246	0.006489164	-75.826225	0.58996105	0.018691761	0.1934	1.0	959.7780668735504
420	63.857143	30.106613	101.0	29.0	599.8571	4.8137274	8.448261	51.69191	-3.0810883	2105000	1.5735627e-07	19.564163	0.0077298866	-13.282646	0.21017459	0.038072314	0.0934	22.0	962.8455379009247
421	59.42857	29.880033	101.0	19.0	698.5714	9.133342	8.960239	63.58664	0.13082659	2110000	-2.5177002e-08	55.612663	-0.003921604	-47.507607	0.43176347	0.008077213	0.0796	5.0	964.8711669445038
422	57.583332	37.13143	121.0	1.0	374.91666	4.1908064	11.182546	49.378113	-3.7592075	2115000	-7.152557e-09	28.58425	0.0011134375	-20.152145	0.3128395	0.023527142	0.1492	6.0	966.9670970439911
423	70.77778	47.078606	159.0	1.0	472.0	10.977434	12.05357	59.254005	-0.98015505	2120000	8.8882445e-08	77.123566	0.0047441265	-66.269615	0.31729823	0.03385273	0.1614	3.0	968.9982011318207
424	47.75	36.799286	103.0	0.0	369.91666	11.381304	12.817188	60.83474	-3.0840158	2125000	9.279251e-08	174.53075	-0.0023636187	-149.25313	0.4262501	0.020780068	0.1824	9.0	971.092169046402
425	32.692307	21.268917	75.0	1.0	337.15384	8.697922	10.137116	54.935455	-3.7852545	2130000	3.4332275e-09	68.317665	0.009760682	-55.449535	0.35001913	0.018494047	0.0966	4.0	973.1651010513306
426	41.3	25.278646	83.0	7.0	426.2	0.3523031	6.9916263	41.67026	-8.466747	2135000	-8.5830687e-10	25.166515	0.0020589507	-21.518694	0.27486026	0.009044349	0.0578	3.0	975.4511821269989
427	49.4	20.19505	86.0	17.0	443.3	8.1371765	10.134283	49.566032	-1.5118535	2140000	-2.2125244e-08	45.315075	-0.0025285026	-37.423687	0.29291826	0.0089709675	0.0584	9.0	977.5100560188293
428	49.125	31.69163	127.0	20.0	534.25	14.382685	10.309036	56.273983	0.6261531	2145000	-2.3841858e-08	181.36319	-0.014967192	-167.64883	0.19380608	0.019993098	0.0568	28.0	979.6190247535706
429	51.142857	21.222822	89.0	31.0	594.0	7.188379	7.4240756	44.118416	-2.54816	2150000	2.5749207e-09	60.29725	-0.006805981	-52.705864	0.17974971	0.0004713605	0.0202	79.0	981.9618389606476
430	63.0	35.929222	149.0	19.0	451.0909	11.893505	11.252494	54.484295	0.8383775	2155000	-8.201599e-09	119.896034	0.017597301	-108.23982	0.52935165	0.064601906	0.1466	3.0	985.1291990280151
431	43.666668	18.900322	73.0	20.0	683.1667	1.8513346	5.516863	43.919426	-4.5403137	2160000	-3.8146972e-10	18.018702	-0.0052290685	-12.501013	0.4992456	0.023744673	0.1254	10.0	987.1658089160919
432	71.8	27.381744	105.0	36.0	829.8	7.7104383	10.866717	59.481564	0.8323491	2165000	1.12867355e-07	42.514286	-0.0068446784	-38.24309	0.20618665	0.018435964	0.0948	44.0	989.3216688632965
433	54.5	24.524477	90.0	22.0	465.0	4.2911615	9.748013	46.46476	-4.5357914	2170000	1.926422e-08	34.03995	-0.0100229625	-21.055893	0.5458875	0.015663834	0.0968	47.0	991.5730719566345
434	56.0	32.88997	111.0	20.0	536.75	5.085677	9.976159	55.10572	-1.7192993	2175000	-6.074905e-08	26.967875	-0.005470944	-18.244747	0.16747893	0.03269315	0.0456	5.0	993.5429377555847
435	94.4	30.467031	140.0	68.0	814.6	5.0871587	12.119834	62.637917	-0.31487834	2180000	-1.2874604e-09	14.773026	-0.0023806114	-9.112038	0.22229785	0.014300265	0.0302	5.0	995.5125591754913
436	32.88889	22.481817	68.0	2.0	466.0	6.544986	7.585471	44.304565	-0.8859657	2185000	2.2888184e-08	55.161526	-0.0036073173	-48.778297	0.6290299	0.010613687	0.0712	12.0	997.8623518943787
437	57.333332	26.936138	103.0	15.0	519.0	4.9168887	9.832519	57.909595	-1.6074601	2190000	6.2942505e-09	28.887913	0.0001481472	-18.33347	0.566517	0.021384384	0.1642	1.0	999.9846658706665
438	65.833336	16.767197	93.0	44.0	691.8333	8.445599	11.851285	47.740376	-1.4386611	2195000	-1.0490417e-09	103.75602	-0.017912392	-90.351135	0.21522285	0.017073179	0.0494	66.0	1002.4713170528412
439	66.0	34.11419	127.0	19.0	499.1111	5.5954404	10.478923	60.812157	-1.0810897	2200000	4.577637e-09	33.799786	-0.0012213821	-20.37396	0.3745211	0.022692833	0.1128	3.0	1004.5555200576782
440	67.57143	27.603607	113.0	20.0	594.1429	8.927231	13.436282	60.742443	-0.45874214	2205000	-2.7179718e-08	80.272514	-0.0019162439	-71.02581	0.3951633	0.013215303	0.0948	10.0	1007.6331698894501
441	64.666664	29.369297	112.0	26.0	696.8333	6.006113	10.153271	57.638813	0.20995927	2210000	-2.7751923e-08	42.941505	-0.0025450727	-36.51333	0.28291178	0.0043940316	0.0406	8.0	1009.8104979991913
442	61.2	35.238617	118.0	7.0	429.9	7.014636	11.306621	58.32853	-2.4509869	2215000	-1.0871887e-08	30.8885	0.0013586257	-23.0189	0.1933687	0.0877446	0.1682	4.0	1011.7640919685364
443	59.142857	37.203796	121.0	12.0	598.5714	5.315454	9.578035	55.585346	-1.3030725	2220000	4.005432e-09	27.289326	-0.0047996314	-22.302025	0.23363681	0.015328627	0.0658	14.0	1013.8644909858704
444	61.4	34.499855	106.0	26.0	828.0	4.044558	9.374179	57.45341	-0.32384557	2225000	-4.4345856e-09	14.720614	-0.0095264325	-9.781858	0.23006094	0.008005327	0.0396	79.0	1016.2755861282349
445	91.0	35.270386	156.0	50.0	818.8	3.5371044	10.585689	55.41403	-2.0040114	2230000	-7.915497e-09	18.034893	-0.008783216	-11.891869	0.16142942	0.012794624	0.0308	79.0	1018.8073108196259
446	61.375	25.233597	110.0	31.0	528.125	7.865632	12.847182	65.24097	-0.5707671	2235000	6.456375e-08	67.505974	-0.0050662453	-62.132786	0.20271118	0.016346164	0.0452	20.0	1021.0529179573059
447	61.77778	31.051132	119.0	11.0	491.22223	6.041235	11.245036	60.289124	-2.3646045	2240000	1.001358e-09	34.87202	-0.0034262713	-28.882069	0.3516877	0.018894171	0.0892	8.0	1023.337956905365
448	46.0	32.963184	96.0	-6.0	590.7143	3.80995	8.976535	55.0312	-0.014805973	2245000	-6.1035155e-09	18.798033	-0.010966364	-14.920303	0.2979429	0.012854588	0.094	38.0	1025.6531138420105
449	61.142857	35.38938	125.0	5.0	610.7143	4.9983273	9.778964	58.187912	-1.224914	2250000	-8.459091e-08	19.43535	-0.009028673	-14.056608	0.20579869	0.0040836344	0.0478	79.0	1028.0347199440002
450	39.8125	35.1714	110.0	1.0	282.4375	3.9707446	12.150174	52.645267	-3.4717126	2255000	-4.577637e-09	15.526331	-0.0040854285	-10.200011	0.34948668	0.010107213	0.0546	8.0	1030.9193468093872
451	57.81818	35.98186	129.0	4.0	408.27274	6.316716	10.540579	61.91999	-3.1808276	2260000	1.3160705e-08	61.531986	-0.002911614	-54.604332	0.60236686	0.017813606	0.1696	6.0	1033.1610491275787
452	60.4	22.78245	85.0	19.0	805.6	13.82069	11.134812	45.278603	1.6825016	2265000	-6.694794e-08	203.36311	-0.0094412565	-187.79341	0.22730651	0.016443945	0.0506	38.0	1035.644838809967
453	72.53333	25.200174	116.0	33.0	331.53333	12.179423	15.330515	54.560116	-6.3349013	2270000	6.2942505e-09	179.69862	-0.012378147	-152.61752	0.4695167	0.012338263	0.1026	18.0	1037.8542330265045
454	57.444443	33.133102	116.0	10.0	501.1111	6.2100334	10.347573	52.42342	-5.856738	2275000	1.2207031e-08	45.40951	-0.0028112158	-37.914177	0.47753227	0.0073424326	0.0652	2.0	1039.9398829936981
455	63.875	23.491688	94.0	27.0	550.125	4.17551	10.672387	53.34186	-5.370442	2280000	-1.01089475e-08	33.951977	0.0006034237	-26.16497	0.61325085	0.018647613	0.1188	2.0	1042.2008528709412
456	58.083332	27.998386	107.0	17.0	377.58334	9.383834	12.072646	49.750732	-4.3551154	2285000	-7.972717e-08	60.43936	-0.0070933043	-49.25194	0.27818188	0.0047146897	0.0644	15.0	1044.3629069328308
457	56.066666	27.204084	109.0	4.0	311.26666	7.3671618	9.995458	51.591335	-1.3309045	2290000	-1.8405915e-08	32.04493	-0.010610999	-23.178522	0.34786156	0.004829178	0.0838	79.0	1046.9586169719696
458	55.642857	25.418238	96.0	14.0	356.07144	5.982708	11.597284	56.911366	-6.238591	2295000	-9.279251e-08	46.706192	-0.004076306	-38.495087	0.5862153	0.004818174	0.0612	2.0	1049.3337090015411
459	69.0	43.734043	159.0	5.0	501.66666	7.5649514	12.563548	51.9967	-0.62040806	2300000	2.7656555e-09	45.704464	-0.0014312566	-32.472584	0.278312	0.015971296	0.0694	7.0	1051.5060291290283
460	65.5	30.679798	128.0	38.0	701.0	8.353367	9.619014	60.560085	-0.9368354	2305000	-1.5878678e-08	54.50431	-0.0067528742	-47.317535	0.2557045	0.01720416	0.0502	26.0	1054.7918028831482
461	59.307693	31.800783	131.0	10.0	367.6154	5.8022394	10.956196	45.957104	-2.793716	2310000	1.8787384e-08	26.391966	-0.013626368	-15.562523	0.1812388	0.007951129	0.0432	79.0	1057.4880628585815
462	62.0	25.12469	110.0	26.0	528.875	4.603035	9.974956	54.10589	0.14859122	2315000	-9.155274e-09	14.623918	-0.009927084	-8.553429	0.284585	0.015902836	0.054	59.0	1059.8760039806366
463	42.714287	26.46137	77.0	1.0	591.2857	9.613097	16.189035	55.865074	-1.277925	2320000	7.419586e-08	238.0354	-0.008768248	-204.35048	0.12017373	0.01848732	0.0396	16.0	1062.0680561065674
464	56.61111	34.5947	144.0	1.0	227.44444	4.298504	11.073039	48.8695	-8.246829	2325000	-5.1116942e-08	50.031242	-0.014542788	-40.08458	0.16733558	0.018269537	0.0456	77.0	1064.5992980003357
465	49.285713	23.318995	106.0	17.0	336.5	5.5579834	9.010776	47.710693	-0.95781726	2330000	-2.503395e-08	30.34219	-0.0058701476	-23.475933	0.16113198	0.018836772	0.0318	24.0	1066.814535856247
466	71.0	31.757605	133.0	29.0	430.0	6.726822	10.8171215	55.17611	-0.35404828	2335000	-6.437302e-09	43.212257	-0.012919183	-33.025135	0.22730058	0.008978902	0.06	79.0	1069.2819519042969
467	92.6	39.66661	147.0	39.0	808.6	5.461686	10.889628	51.882725	-1.9064431	2340000	1.1634826e-08	38.599186	-0.0076251673	-32.555325	0.19735992	0.0026188295	0.0404	79.0	1071.6715528964996
468	48.904762	35.75166	139.0	2.0	198.90475	5.0694437	14.746141	57.935814	-7.2205625	2345000	-2.4223327e-08	51.274593	-0.0017124176	-40.776917	0.33943126	0.0007771827	0.0498	1.0	1073.8609211444855
469	56.454544	27.3375	115.0	17.0	403.72726	5.1883974	11.511529	61.066616	-0.3178115	2350000	2.3078918e-08	14.133001	-0.013787071	-8.164604	0.15495735	0.011962854	0.0376	79.0	1076.6246631145477
470	51.235294	25.687098	106.0	2.0	289.0	16.359446	14.271871	59.981354	-2.8350494	2355000	-7.46727e-08	227.49484	-0.008956491	-216.45984	0.18724678	0.0014579642	0.0514	79.0	1080.8717439174652
471	52.46154	25.17207	94.0	4.0	359.53845	5.1105623	9.924742	50.697067	-2.5474129	2360000	2.2506715e-08	24.553806	-0.004083416	-17.425186	0.29207098	0.013739554	0.0896	9.0	1083.0514838695526
472	55.77778	25.806019	104.0	13.0	475.1111	6.2174764	10.777205	53.179222	-0.2943775	2365000	-1.1692047e-07	26.156866	-0.012569742	-20.634186	0.22563408	0.00659303	0.0536	79.0	1085.531007051468
473	44.0	33.294144	102.0	6.0	520.125	3.5243902	8.915963	52.418484	-3.02931	2370000	-2.2792817e-08	15.9042015	-0.008336241	-11.93286	0.23736694	0.013127434	0.0428	49.0	1087.7549939155579
474	42.8125	22.525593	85.0	15.0	284.3125	6.80635	10.453898	52.712463	-1.8922924	2375000	5.130768e-08	30.918362	-0.012594383	-22.189514	0.21242261	0.01586459	0.0412	50.0	1090.0414550304413
475	61.57143	36.496017	109.0	2.0	592.7143	3.5832899	11.821733	57.890217	-2.5032878	2380000	-1.9454957e-08	15.15589	-0.010947152	-9.835222	0.2737572	0.013384596	0.041	46.0	1092.2352240085602
476	65.44444	33.55629	126.0	6.0	490.1111	7.5452924	11.570649	57.271503	-1.2727821	2385000	-3.1661987e-08	44.95825	-0.009955419	-33.97718	0.25090748	0.01714324	0.0634	53.0	1094.7973251342773
477	68.71429	27.886066	106.0	18.0	596.7143	5.8014803	11.221133	55.334015	-2.0825067	2390000	2.4175645e-08	14.2831	-0.008459292	-10.446642	0.27880904	0.0045862775	0.0254	79.0	1097.2709279060364
478	43.46154	33.985554	97.0	1.0	341.07693	3.865896	10.304904	56.47491	-4.023167	2395000	2.0408631e-08	13.459922	-0.009432436	-6.2689056	0.22228235	0.003162206	0.0348	79.0	1099.7598657608032
479	63.38889	36.125	136.0	1.0	276.66666	9.659713	14.688674	52.19352	-0.4302494	2400000	2.5558471e-08	44.628086	-0.012120741	-29.18739	0.2795349	0.008349084	0.0406	79.0	1102.2961111068726
480	75.333336	40.527084	147.0	11.0	492.8889	9.866066	12.809568	56.128136	-4.385595	2405000	-1.1634827e-07	54.871418	-0.011217536	-43.664433	0.1978089	0.00399946	0.0422	79.0	1105.76047372818
481	65.166664	36.15591	138.0	5.0	249.38889	6.832456	14.203497	58.644093	-3.957369	2410000	1.5735626e-09	40.414513	-0.009378801	-27.265032	0.3452774	0.018548928	0.146	22.0	1108.0034589767456
482	52.384617	25.790691	102.0	4.0	344.23077	9.187284	11.765948	57.459496	0.45653313	2415000	1.1539459e-08	38.176464	-0.0052183787	-31.867617	0.2686486	0.025151312	0.0912	7.0	1110.20938706398
483	55.944443	30.45666	112.0	4.0	223.38889	10.329834	11.241795	54.122425	-1.7801173	2420000	1.5115738e-08	42.943977	-0.008063143	-34.062813	0.18989429	0.020180749	0.0628	34.0	1112.7883188724518
484	64.07692	28.453638	118.0	24.0	361.0	8.687342	12.857571	60.14891	-1.062636	2425000	-3.4332275e-09	30.533398	-0.010925336	-20.90455	0.21721119	0.01725402	0.0738	31.0	1115.1023800373077
485	63.285713	29.60557	105.0	23.0	593.4286	5.479068	9.154833	50.41086	0.45478016	2430000	6.847382e-08	25.44004	-0.00017535838	-22.176905	0.22741772	0.019636817	0.0728	19.0	1117.225312948227
486	51.0	33.77573	106.0	3.0	498.5	7.6222796	10.536744	56.659412	-0.33737814	2435000	1.4705658e-07	43.131958	-0.0101591535	-36.402836	0.095052056	0.0018984261	0.0362	79.0	1119.8774299621582
487	55.625	26.262794	101.0	17.0	526.875	4.980361	11.01046	59.14032	-1.9884161	2440000	1.5535355e-07	38.805264	-0.010435179	-29.83304	0.12068088	0.00094072236	0.0328	79.0	1122.5742309093475
488	46.18182	16.106567	64.0	12.0	394.0	7.8726907	8.177214	54.752216	0.19529292	2445000	-1.0681152e-08	38.078842	0.0006924306	-31.831684	0.33986637	0.0683031	0.3364	2.0	1124.6105201244354
489	57.157894	34.35	135.0	7.0	258.78946	13.002663	12.871964	58.445873	0.6316026	2450000	-1.2407303e-07	79.05526	-0.012869317	-67.29169	0.24459912	0.007041796	0.047	79.0	1127.0907080173492
490	57.9375	28.599539	120.0	9.0	295.4375	8.139691	14.538399	61.775288	0.82738423	2455000	-1.0490417e-08	15.173506	-0.011650645	-7.631151	0.27951503	0.0116572995	0.0294	59.0	1130.5005359649658
491	83.6	33.915188	127.0	43.0	818.2	8.551826	10.902792	62.155296	0.35277984	2460000	3.5533904e-07	51.990242	-0.0035118405	-45.851913	0.14059675	0.039738696	0.0422	4.0	1132.4555449485779
492	46.416668	27.91194	105.0	3.0	366.66666	5.782651	8.704276	54.112034	-1.6134353	2465000	1.5258789e-09	21.599182	-0.009041062	-15.844581	0.08433485	0.010732677	0.034	79.0	1135.0715148448944
493	59.642857	28.394184	137.0	21.0	354.85715	9.369951	13.776068	55.38558	-1.4129956	2470000	6.899834e-08	92.93143	-0.008860782	-86.39239	0.19424373	0.017920407	0.0614	34.0	1137.2500700950623
494	58.294117	39.72814	125.0	3.0	281.94116	8.461039	12.216397	56.50468	-3.7451587	2475000	1.0681152e-08	47.04647	-0.009380256	-32.52794	0.18914543	0.017753147	0.0602	15.0	1139.5718610286713
495	74.71429	18.171518	109.0	54.0	610.4286	10.799372	12.767441	61.21171	-0.749864	2480000	-6.1035155e-09	88.02275	0.0051536253	-74.41415	0.43180987	0.04100217	0.1746	7.0	1141.6045699119568
496	44.166668	21.969044	94.0	4.0	408.91666	7.2826643	7.337006	55.332596	-1.4420539	2485000	-8.621216e-08	40.87779	-0.008810683	-33.755615	0.34297174	0.008024868	0.1068	41.0	1144.1808440685272
497	58.235294	32.839233	116.0	4.0	286.94116	10.244436	12.244222	61.93602	-2.9105217	2490000	-1.6212464e-09	42.042458	-0.0005334075	-29.321505	0.3834786	0.014921576	0.1	1.0	1146.3105199337006
498	51.166668	29.027285	118.0	14.0	269.44446	7.2315607	11.189038	52.278687	-3.0446293	2495000	-1.4686584e-08	27.497572	-0.011275742	-18.455326	0.3136585	0.010908567	0.0834	54.0	1148.6978659629822
499	65.55556	41.75354	137.0	20.0	496.44446	6.55608	10.591024	57.859924	0.07082653	2500000	-8.5830685e-09	25.868885	-0.0033154713	-16.17871	0.35805473	0.040191926	0.1124	14.0	1151.7364580631256
